w	LB_exp	LB_pred
0	0.000e+00	2.192e-193
1	0.000e+00	2.806e-190
2	0.000e+00	1.794e-187
3	0.000e+00	7.643e-185
4	0.000e+00	2.288e-182
5	0.000e+00	5.062e-180
6	0.000e+00	8.689e-178
7	0.000e+00	1.204e-175
8	0.000e+00	1.391e-173
9	0.000e+00	1.371e-171
10	0.000e+00	1.177e-169
11	0.000e+00	8.923e-168
12	0.000e+00	6.056e-166
13	0.000e+00	3.716e-164
14	0.000e+00	2.079e-162
15	0.000e+00	1.068e-160
16	0.000e+00	5.073e-159
17	0.000e+00	2.239e-157
18	0.000e+00	9.223e-156
19	0.000e+00	3.562e-154
20	0.000e+00	1.294e-152
21	0.000e+00	4.439e-151
22	0.000e+00	1.441e-149
23	0.000e+00	4.443e-148
24	0.000e+00	1.303e-146
25	0.000e+00	3.644e-145
26	0.000e+00	9.736e-144
27	0.000e+00	2.490e-142
28	0.000e+00	6.106e-141
29	0.000e+00	1.438e-139
30	0.000e+00	3.257e-138
31	0.000e+00	7.103e-137
32	0.000e+00	1.494e-135
33	0.000e+00	3.032e-134
34	0.000e+00	5.948e-133
35	0.000e+00	1.129e-131
36	0.000e+00	2.074e-130
37	0.000e+00	3.693e-129
38	0.000e+00	6.378e-128
39	0.000e+00	1.069e-126
40	0.000e+00	1.742e-125
41	0.000e+00	2.758e-124
42	0.000e+00	4.250e-123
43	0.000e+00	6.373e-122
44	0.000e+00	9.310e-121
45	0.000e+00	1.326e-119
46	0.000e+00	1.840e-118
47	0.000e+00	2.493e-117
48	0.000e+00	3.297e-116
49	0.000e+00	4.259e-115
50	0.000e+00	5.375e-114
51	0.000e+00	6.632e-113
52	0.000e+00	8.002e-112
53	0.000e+00	9.448e-111
54	0.000e+00	1.092e-109
55	0.000e+00	1.235e-108
56	0.000e+00	1.369e-107
57	0.000e+00	1.487e-106
58	0.000e+00	1.582e-105
59	0.000e+00	1.651e-104
60	0.000e+00	1.690e-103
61	0.000e+00	1.698e-102
62	0.000e+00	1.673e-101
63	0.000e+00	1.619e-100
64	0.000e+00	1.538e-99
65	0.000e+00	1.435e-98
66	0.000e+00	1.316e-97
67	0.000e+00	1.185e-96
68	0.000e+00	1.050e-95
69	0.000e+00	9.138e-95
70	0.000e+00	7.823e-94
71	0.000e+00	6.588e-93
72	0.000e+00	5.458e-92
73	0.000e+00	4.449e-91
74	0.000e+00	3.570e-90
75	0.000e+00	2.819e-89
76	0.000e+00	2.193e-88
77	0.000e+00	1.679e-87
78	0.000e+00	1.266e-86
79	0.000e+00	9.410e-86
80	0.000e+00	6.889e-85
81	0.000e+00	4.970e-84
82	0.000e+00	3.534e-83
83	0.000e+00	2.477e-82
84	0.000e+00	1.712e-81
85	0.000e+00	1.166e-80
86	0.000e+00	7.838e-80
87	0.000e+00	5.195e-79
88	0.000e+00	3.397e-78
89	0.000e+00	2.191e-77
90	0.000e+00	1.395e-76
91	0.000e+00	8.762e-76
92	0.000e+00	5.432e-75
93	0.000e+00	3.324e-74
94	0.000e+00	2.009e-73
95	0.000e+00	1.198e-72
96	0.000e+00	7.058e-72
97	0.000e+00	4.106e-71
98	0.000e+00	2.359e-70
99	0.000e+00	1.339e-69
100	0.000e+00	7.505e-69
101	0.000e+00	4.157e-68
102	0.000e+00	2.275e-67
103	0.000e+00	1.231e-66
104	0.000e+00	6.577e-66
105	0.000e+00	3.475e-65
106	0.000e+00	1.814e-64
107	0.000e+00	9.366e-64
108	0.000e+00	4.780e-63
109	0.000e+00	2.412e-62
110	0.000e+00	1.203e-61
111	0.000e+00	5.937e-61
112	0.000e+00	2.897e-60
113	0.000e+00	1.398e-59
114	0.000e+00	6.674e-59
115	0.000e+00	3.152e-58
116	0.000e+00	1.472e-57
117	0.000e+00	6.804e-57
118	0.000e+00	3.111e-56
119	0.000e+00	1.408e-55
120	0.000e+00	6.304e-55
121	0.000e+00	2.793e-54
122	0.000e+00	1.225e-53
123	0.000e+00	5.318e-53
124	0.000e+00	2.285e-52
125	0.000e+00	9.718e-52
126	0.000e+00	4.092e-51
127	0.000e+00	1.706e-50
128	0.000e+00	7.040e-50
129	0.000e+00	2.877e-49
130	0.000e+00	1.164e-48
131	0.000e+00	4.665e-48
132	0.000e+00	1.851e-47
133	0.000e+00	7.275e-47
134	0.000e+00	2.832e-46
135	0.000e+00	1.092e-45
136	0.000e+00	4.169e-45
137	0.000e+00	1.577e-44
138	0.000e+00	5.911e-44
139	0.000e+00	2.194e-43
140	0.000e+00	8.072e-43
141	0.000e+00	2.942e-42
142	0.000e+00	1.062e-41
143	0.000e+00	3.801e-41
144	0.000e+00	1.348e-40
145	0.000e+00	4.735e-40
146	0.000e+00	1.649e-39
147	0.000e+00	5.689e-39
148	0.000e+00	1.946e-38
149	0.000e+00	6.596e-38
150	0.000e+00	2.216e-37
151	0.000e+00	7.382e-37
152	0.000e+00	2.437e-36
153	0.000e+00	7.976e-36
154	0.000e+00	2.588e-35
155	0.000e+00	8.325e-35
156	0.000e+00	2.655e-34
157	0.000e+00	8.395e-34
158	0.000e+00	2.632e-33
159	0.000e+00	8.181e-33
160	0.000e+00	2.522e-32
161	0.000e+00	7.708e-32
162	0.000e+00	2.336e-31
163	0.000e+00	7.023e-31
164	0.000e+00	2.094e-30
165	0.000e+00	6.190e-30
166	0.000e+00	1.815e-29
167	0.000e+00	5.278e-29
168	0.000e+00	1.522e-28
169	0.000e+00	4.356e-28
170	0.000e+00	1.236e-27
171	0.000e+00	3.480e-27
172	0.000e+00	9.719e-27
173	0.000e+00	2.692e-26
174	0.000e+00	7.399e-26
175	0.000e+00	2.017e-25
176	0.000e+00	5.457e-25
177	0.000e+00	1.464e-24
178	0.000e+00	3.899e-24
179	0.000e+00	1.030e-23
180	0.000e+00	2.700e-23
181	0.000e+00	7.023e-23
182	0.000e+00	1.812e-22
183	0.000e+00	4.641e-22
184	0.000e+00	1.179e-21
185	0.000e+00	2.974e-21
186	0.000e+00	7.443e-21
187	0.000e+00	1.849e-20
188	0.000e+00	4.556e-20
189	0.000e+00	1.114e-19
190	0.000e+00	2.705e-19
191	0.000e+00	6.518e-19
192	0.000e+00	1.559e-18
193	0.000e+00	3.700e-18
194	0.000e+00	8.715e-18
195	0.000e+00	2.038e-17
196	0.000e+00	4.730e-17
197	0.000e+00	1.090e-16
198	0.000e+00	2.492e-16
199	0.000e+00	5.658e-16
200	0.000e+00	1.275e-15
201	0.000e+00	2.853e-15
202	0.000e+00	6.336e-15
203	0.000e+00	1.397e-14
204	0.000e+00	3.058e-14
205	0.000e+00	6.645e-14
206	0.000e+00	1.434e-13
207	0.000e+00	3.071e-13
208	0.000e+00	6.531e-13
209	0.000e+00	1.379e-12
210	0.000e+00	2.891e-12
211	0.000e+00	6.018e-12
212	0.000e+00	1.244e-11
213	0.000e+00	2.553e-11
214	0.000e+00	5.202e-11
215	0.000e+00	1.052e-10
216	0.000e+00	2.115e-10
217	0.000e+00	4.219e-10
218	0.000e+00	8.360e-10
219	0.000e+00	1.645e-09
220	0.000e+00	3.213e-09
221	0.000e+00	6.235e-09
222	0.000e+00	1.201e-08
223	0.000e+00	2.299e-08
224	0.000e+00	4.368e-08
225	0.000e+00	8.245e-08
226	0.000e+00	1.545e-07
227	0.000e+00	2.877e-07
228	0.000e+00	5.318e-07
229	0.000e+00	9.765e-07
230	0.000e+00	1.781e-06
231	0.000e+00	3.226e-06
232	0.000e+00	5.803e-06
233	0.000e+00	1.037e-05
234	0.000e+00	1.840e-05
235	0.000e+00	3.244e-05
236	0.000e+00	5.680e-05
237	0.000e+00	9.879e-05
238	0.000e+00	1.707e-04
239	0.000e+00	2.929e-04
240	0.000e+00	4.992e-04
241	0.000e+00	8.453e-04
242	0.000e+00	1.422e-03
243	0.000e+00	2.375e-03
244	0.000e+00	3.942e-03
245	0.000e+00	6.499e-03
246	0.000e+00	1.064e-02
247	0.000e+00	1.732e-02
248	0.000e+00	2.799e-02
249	0.000e+00	4.494e-02
250	0.000e+00	7.169e-02
251	0.000e+00	1.136e-01
252	0.000e+00	1.788e-01
253	0.000e+00	2.797e-01
254	1.000e+00	4.345e-01
255	0.000e+00	6.707e-01
256	0.000e+00	1.029e+00
257	1.000e+00	1.567e+00
258	2.000e+00	2.372e+00
259	3.000e+00	3.567e+00
260	5.000e+00	5.329e+00
261	9.000e+00	7.911e+00
262	1.400e+01	1.167e+01
263	1.700e+01	1.710e+01
264	1.700e+01	2.489e+01
265	3.400e+01	3.600e+01
266	4.300e+01	5.175e+01
267	7.000e+01	7.389e+01
268	9.000e+01	1.048e+02
269	1.420e+02	1.478e+02
270	2.320e+02	2.070e+02
271	2.950e+02	2.881e+02
272	4.020e+02	3.984e+02
273	5.330e+02	5.474e+02
274	7.370e+02	7.474e+02
275	1.003e+03	1.014e+03
276	1.375e+03	1.367e+03
277	1.822e+03	1.830e+03
278	2.339e+03	2.436e+03
279	3.178e+03	3.221e+03
280	4.178e+03	4.233e+03
281	5.565e+03	5.527e+03
282	7.232e+03	7.171e+03
283	9.336e+03	9.245e+03
284	1.182e+04	1.184e+04
285	1.497e+04	1.508e+04
286	1.902e+04	1.907e+04
287	2.404e+04	2.397e+04
288	2.994e+04	2.994e+04
289	3.718e+04	3.717e+04
290	4.592e+04	4.584e+04
291	5.618e+04	5.619e+04
292	6.856e+04	6.843e+04
293	8.274e+04	8.282e+04
294	9.936e+04	9.961e+04
295	1.190e+05	1.191e+05
296	1.421e+05	1.414e+05
297	1.675e+05	1.669e+05
298	1.954e+05	1.957e+05
299	2.277e+05	2.281e+05
300	2.640e+05	2.642e+05
301	3.043e+05	3.041e+05
302	3.477e+05	3.478e+05
303	3.961e+05	3.953e+05
304	4.461e+05	4.465e+05
305	5.011e+05	5.012e+05
306	5.606e+05	5.591e+05
307	6.198e+05	6.198e+05
308	6.830e+05	6.828e+05
309	7.479e+05	7.474e+05
310	8.114e+05	8.132e+05
311	8.799e+05	8.791e+05
312	9.451e+05	9.445e+05
313	1.010e+06	1.008e+06
314	1.069e+06	1.070e+06
315	1.128e+06	1.128e+06
316	1.180e+06	1.182e+06
317	1.232e+06	1.231e+06
318	1.274e+06	1.274e+06
319	1.310e+06	1.311e+06
320	1.339e+06	1.339e+06
321	1.361e+06	1.360e+06
322	1.373e+06	1.373e+06
323	1.378e+06	1.377e+06
324	1.372e+06	1.373e+06
325	1.362e+06	1.360e+06
326	1.336e+06	1.339e+06
327	1.313e+06	1.310e+06
328	1.270e+06	1.274e+06
329	1.231e+06	1.231e+06
330	1.180e+06	1.182e+06
331	1.127e+06	1.128e+06
332	1.070e+06	1.070e+06
333	1.009e+06	1.008e+06
334	9.449e+05	9.439e+05
335	8.799e+05	8.785e+05
336	8.127e+05	8.125e+05
337	7.482e+05	7.468e+05
338	6.821e+05	6.822e+05
339	6.193e+05	6.192e+05
340	5.588e+05	5.586e+05
341	5.003e+05	5.007e+05
342	4.457e+05	4.460e+05
343	3.954e+05	3.949e+05
344	3.465e+05	3.474e+05
345	3.037e+05	3.037e+05
346	2.627e+05	2.638e+05
347	2.278e+05	2.278e+05
348	1.960e+05	1.954e+05
349	1.667e+05	1.666e+05
350	1.412e+05	1.412e+05
351	1.189e+05	1.189e+05
352	1.000e+05	9.944e+04
353	8.322e+04	8.268e+04
354	6.798e+04	6.831e+04
355	5.599e+04	5.608e+04
356	4.609e+04	4.575e+04
357	3.723e+04	3.709e+04
358	2.987e+04	2.988e+04
359	2.395e+04	2.392e+04
360	1.892e+04	1.903e+04
361	1.490e+04	1.504e+04
362	1.168e+04	1.182e+04
363	9.164e+03	9.223e+03
364	7.192e+03	7.153e+03
365	5.606e+03	5.513e+03
366	4.155e+03	4.222e+03
367	3.313e+03	3.213e+03
368	2.442e+03	2.429e+03
369	1.884e+03	1.825e+03
370	1.371e+03	1.363e+03
371	1.071e+03	1.011e+03
372	7.040e+02	7.452e+02
373	5.560e+02	5.458e+02
374	4.220e+02	3.972e+02
375	2.820e+02	2.872e+02
376	2.030e+02	2.064e+02
377	1.320e+02	1.473e+02
378	9.600e+01	1.045e+02
379	6.900e+01	7.364e+01
380	4.200e+01	5.157e+01
381	3.600e+01	3.588e+01
382	2.300e+01	2.480e+01
383	1.300e+01	1.703e+01
384	1.300e+01	1.162e+01
385	8.000e+00	7.881e+00
386	3.000e+00	5.309e+00
387	2.000e+00	3.553e+00
388	4.000e+00	2.363e+00
389	2.000e+00	1.561e+00
390	1.000e+00	1.024e+00
391	0.000e+00	6.679e-01
392	2.000e+00	4.327e-01
393	0.000e+00	2.785e-01
394	0.000e+00	1.780e-01
395	1.000e+00	1.131e-01
396	0.000e+00	7.136e-02
397	0.000e+00	4.474e-02
398	0.000e+00	2.786e-02
399	0.000e+00	1.724e-02
400	0.000e+00	1.059e-02
401	0.000e+00	6.468e-03
402	0.000e+00	3.923e-03
403	0.000e+00	2.363e-03
404	0.000e+00	1.415e-03
405	0.000e+00	8.409e-04
406	0.000e+00	4.966e-04
407	0.000e+00	2.913e-04
408	0.000e+00	1.698e-04
409	0.000e+00	9.826e-05
410	0.000e+00	5.649e-05
411	0.000e+00	3.226e-05
412	0.000e+00	1.830e-05
413	0.000e+00	1.031e-05
414	0.000e+00	5.769e-06
415	0.000e+00	3.207e-06
416	0.000e+00	1.770e-06
417	0.000e+00	9.706e-07
418	0.000e+00	5.286e-07
419	0.000e+00	2.859e-07
420	0.000e+00	1.536e-07
421	0.000e+00	8.192e-08
422	0.000e+00	4.341e-08
423	0.000e+00	2.284e-08
424	0.000e+00	1.193e-08
425	0.000e+00	6.194e-09
426	0.000e+00	3.192e-09
427	0.000e+00	1.634e-09
428	0.000e+00	8.302e-10
429	0.000e+00	4.190e-10
430	0.000e+00	2.100e-10
431	0.000e+00	1.045e-10
432	0.000e+00	5.164e-11
433	0.000e+00	2.534e-11
434	0.000e+00	1.235e-11
435	0.000e+00	5.973e-12
436	0.000e+00	2.869e-12
437	0.000e+00	1.368e-12
438	0.000e+00	6.480e-13
439	0.000e+00	3.047e-13
440	0.000e+00	1.422e-13
441	0.000e+00	6.592e-14
442	0.000e+00	3.033e-14
443	0.000e+00	1.386e-14
444	0.000e+00	6.284e-15
445	0.000e+00	2.829e-15
446	0.000e+00	1.264e-15
447	0.000e+00	5.610e-16
448	0.000e+00	2.471e-16
449	0.000e+00	1.080e-16
450	0.000e+00	4.689e-17
451	0.000e+00	2.020e-17
452	0.000e+00	8.637e-18
453	0.000e+00	3.666e-18
454	0.000e+00	1.544e-18
455	0.000e+00	6.458e-19
456	0.000e+00	2.680e-19
457	0.000e+00	1.104e-19
458	0.000e+00	4.512e-20
459	0.000e+00	1.831e-20
460	0.000e+00	7.370e-21
461	0.000e+00	2.945e-21
462	0.000e+00	1.168e-21
463	0.000e+00	4.595e-22
464	0.000e+00	1.794e-22
465	0.000e+00	6.950e-23
466	0.000e+00	2.672e-23
467	0.000e+00	1.019e-23
468	0.000e+00	3.858e-24
469	0.000e+00	1.449e-24
470	0.000e+00	5.398e-25
471	0.000e+00	1.995e-25
472	0.000e+00	7.318e-26
473	0.000e+00	2.662e-26
474	0.000e+00	9.609e-27
475	0.000e+00	3.440e-27
476	0.000e+00	1.222e-27
477	0.000e+00	4.305e-28
478	0.000e+00	1.505e-28
479	0.000e+00	5.215e-29
480	0.000e+00	1.793e-29
481	0.000e+00	6.114e-30
482	0.000e+00	2.068e-30
483	0.000e+00	6.936e-31
484	0.000e+00	2.307e-31
485	0.000e+00	7.610e-32
486	0.000e+00	2.490e-32
487	0.000e+00	8.075e-33
488	0.000e+00	2.597e-33
489	0.000e+00	8.284e-34
490	0.000e+00	2.620e-34
491	0.000e+00	8.213e-35
492	0.000e+00	2.553e-35
493	0.000e+00	7.867e-36
494	0.000e+00	2.403e-36
495	0.000e+00	7.278e-37
496	0.000e+00	2.185e-37
497	0.000e+00	6.501e-38
498	0.000e+00	1.918e-38
499	0.000e+00	5.606e-39
500	0.000e+00	1.624e-39
501	0.000e+00	4.664e-40
502	0.000e+00	1.327e-40
503	0.000e+00	3.742e-41
504	0.000e+00	1.046e-41
505	0.000e+00	2.896e-42
506	0.000e+00	7.944e-43
507	0.000e+00	2.159e-43
508	0.000e+00	5.815e-44
509	0.000e+00	1.552e-44
510	0.000e+00	4.101e-45
511	0.000e+00	1.074e-45
512	0.000e+00	2.784e-46
513	0.000e+00	7.151e-47
514	0.000e+00	1.819e-47
515	0.000e+00	4.584e-48
516	0.000e+00	1.144e-48
517	0.000e+00	2.826e-49
518	0.000e+00	6.913e-50
519	0.000e+00	1.675e-50
520	0.000e+00	4.017e-51
521	0.000e+00	9.538e-52
522	0.000e+00	2.242e-52
523	0.000e+00	5.217e-53
524	0.000e+00	1.202e-53
525	0.000e+00	2.739e-54
526	0.000e+00	6.180e-55
527	0.000e+00	1.380e-55
528	0.000e+00	3.049e-56
529	0.000e+00	6.666e-57
530	0.000e+00	1.442e-57
531	0.000e+00	3.086e-58
532	0.000e+00	6.533e-59
533	0.000e+00	1.368e-59
534	0.000e+00	2.834e-60
535	0.000e+00	5.807e-61
536	0.000e+00	1.177e-61
537	0.000e+00	2.358e-62
538	0.000e+00	4.672e-63
539	0.000e+00	9.151e-64
540	0.000e+00	1.772e-64
541	0.000e+00	3.393e-65
542	0.000e+00	6.421e-66
543	0.000e+00	1.201e-66
544	0.000e+00	2.220e-67
545	0.000e+00	4.055e-68
546	0.000e+00	7.318e-69
547	0.000e+00	1.305e-69
548	0.000e+00	2.298e-70
549	0.000e+00	3.999e-71
550	0.000e+00	6.872e-72
551	0.000e+00	1.166e-72
552	0.000e+00	1.954e-73
553	0.000e+00	3.233e-74
554	0.000e+00	5.281e-75
555	0.000e+00	8.515e-76
556	0.000e+00	1.355e-76
557	0.000e+00	2.128e-77
558	0.000e+00	3.297e-78
559	0.000e+00	5.041e-79
560	0.000e+00	7.602e-80
561	0.000e+00	1.131e-80
562	0.000e+00	1.659e-81
563	0.000e+00	2.399e-82
564	0.000e+00	3.421e-83
565	0.000e+00	4.809e-84
566	0.000e+00	6.662e-85
567	0.000e+00	9.096e-86
568	0.000e+00	1.223e-86
569	0.000e+00	1.621e-87
570	0.000e+00	2.116e-88
571	0.000e+00	2.719e-89
572	0.000e+00	3.441e-90
573	0.000e+00	4.286e-91
574	0.000e+00	5.254e-92
575	0.000e+00	6.338e-93
576	0.000e+00	7.521e-94
577	0.000e+00	8.779e-95
578	0.000e+00	1.008e-95
579	0.000e+00	1.137e-96
580	0.000e+00	1.261e-97
581	0.000e+00	1.375e-98
582	0.000e+00	1.472e-99
583	0.000e+00	1.548e-100
584	0.000e+00	1.599e-101
585	0.000e+00	1.621e-102
586	0.000e+00	1.612e-103
587	0.000e+00	1.574e-104
588	0.000e+00	1.507e-105
589	0.000e+00	1.414e-106
590	0.000e+00	1.301e-107
591	0.000e+00	1.172e-108
592	0.000e+00	1.035e-109
593	0.000e+00	8.947e-111
594	0.000e+00	7.569e-112
595	0.000e+00	6.265e-113
596	0.000e+00	5.071e-114
597	0.000e+00	4.013e-115
598	0.000e+00	3.102e-116
599	0.000e+00	2.342e-117
600	0.000e+00	1.726e-118
601	0.000e+00	1.241e-119
602	0.000e+00	8.703e-121
603	0.000e+00	5.947e-122
604	0.000e+00	3.958e-123
605	0.000e+00	2.564e-124
606	0.000e+00	1.616e-125
607	0.000e+00	9.899e-127
608	0.000e+00	5.890e-128
609	0.000e+00	3.402e-129
610	0.000e+00	1.905e-130
611	0.000e+00	1.034e-131
612	0.000e+00	5.434e-133
613	0.000e+00	2.762e-134
614	0.000e+00	1.356e-135
615	0.000e+00	6.425e-137
616	0.000e+00	2.935e-138
617	0.000e+00	1.291e-139
618	0.000e+00	5.456e-141
619	0.000e+00	2.214e-142
620	0.000e+00	8.613e-144
621	0.000e+00	3.205e-145
622	0.000e+00	1.139e-146
623	0.000e+00	3.859e-148
624	0.000e+00	1.243e-149
625	0.000e+00	3.796e-151
626	0.000e+00	1.097e-152
627	0.000e+00	2.988e-154
628	0.000e+00	7.649e-156
629	0.000e+00	1.833e-157
630	0.000e+00	4.092e-159
631	0.000e+00	8.471e-161
632	0.000e+00	1.616e-162
633	0.000e+00	2.822e-164
634	0.000e+00	4.472e-166
635	0.000e+00	6.368e-168
636	0.000e+00	8.048e-170
637	0.000e+00	8.886e-172
638	0.000e+00	8.396e-174
639	0.000e+00	6.601e-176
640	0.000e+00	4.145e-178
641	0.000e+00	1.949e-180
642	0.000e+00	6.100e-183
643	0.000e+00	9.531e-186
