w	Stern_exp	Stern_pred
0	0.000e+00	2.192e-193
1	0.000e+00	2.757e-190
2	0.000e+00	1.733e-187
3	0.000e+00	7.255e-185
4	0.000e+00	2.258e-182
5	0.000e+00	5.521e-180
6	0.000e+00	1.098e-177
7	0.000e+00	1.816e-175
8	0.000e+00	2.543e-173
9	0.000e+00	3.057e-171
10	0.000e+00	3.193e-169
11	0.000e+00	2.932e-167
12	0.000e+00	2.391e-165
13	0.000e+00	1.747e-163
14	0.000e+00	1.154e-161
15	0.000e+00	6.936e-160
16	0.000e+00	3.820e-158
17	0.000e+00	1.939e-156
18	0.000e+00	9.115e-155
19	0.000e+00	3.988e-153
20	0.000e+00	1.630e-151
21	0.000e+00	6.253e-150
22	0.000e+00	2.257e-148
23	0.000e+00	7.688e-147
24	0.000e+00	2.479e-145
25	0.000e+00	7.588e-144
26	0.000e+00	2.209e-142
27	0.000e+00	6.130e-141
28	0.000e+00	1.625e-139
29	0.000e+00	4.120e-138
30	0.000e+00	1.001e-136
31	0.000e+00	2.335e-135
32	0.000e+00	5.236e-134
33	0.000e+00	1.130e-132
34	0.000e+00	2.350e-131
35	0.000e+00	4.715e-130
36	0.000e+00	9.139e-129
37	0.000e+00	1.713e-127
38	0.000e+00	3.106e-126
39	0.000e+00	5.457e-125
40	0.000e+00	9.295e-124
41	0.000e+00	1.536e-122
42	0.000e+00	2.466e-121
43	0.000e+00	3.845e-120
44	0.000e+00	5.832e-119
45	0.000e+00	8.607e-118
46	0.000e+00	1.237e-116
47	0.000e+00	1.731e-115
48	0.000e+00	2.363e-114
49	0.000e+00	3.145e-113
50	0.000e+00	4.085e-112
51	0.000e+00	5.181e-111
52	0.000e+00	6.418e-110
53	0.000e+00	7.770e-109
54	0.000e+00	9.196e-108
55	0.000e+00	1.065e-106
56	0.000e+00	1.206e-105
57	0.000e+00	1.337e-104
58	0.000e+00	1.451e-103
59	0.000e+00	1.544e-102
60	0.000e+00	1.608e-101
61	0.000e+00	1.643e-100
62	0.000e+00	1.646e-99
63	0.000e+00	1.617e-98
64	0.000e+00	1.558e-97
65	0.000e+00	1.474e-96
66	0.000e+00	1.369e-95
67	0.000e+00	1.248e-94
68	0.000e+00	1.118e-93
69	0.000e+00	9.838e-93
70	0.000e+00	8.507e-92
71	0.000e+00	7.230e-91
72	0.000e+00	6.042e-90
73	0.000e+00	4.965e-89
74	0.000e+00	4.013e-88
75	0.000e+00	3.191e-87
76	0.000e+00	2.496e-86
77	0.000e+00	1.922e-85
78	0.000e+00	1.457e-84
79	0.000e+00	1.087e-83
80	0.000e+00	7.992e-83
81	0.000e+00	5.785e-82
82	0.000e+00	4.125e-81
83	0.000e+00	2.898e-80
84	0.000e+00	2.006e-79
85	0.000e+00	1.369e-78
86	0.000e+00	9.204e-78
87	0.000e+00	6.102e-77
88	0.000e+00	3.989e-76
89	0.000e+00	2.572e-75
90	0.000e+00	1.635e-74
91	0.000e+00	1.026e-73
92	0.000e+00	6.347e-73
93	0.000e+00	3.875e-72
94	0.000e+00	2.335e-71
95	0.000e+00	1.388e-70
96	0.000e+00	8.148e-70
97	0.000e+00	4.721e-69
98	0.000e+00	2.701e-68
99	0.000e+00	1.525e-67
100	0.000e+00	8.508e-67
101	0.000e+00	4.687e-66
102	0.000e+00	2.550e-65
103	0.000e+00	1.371e-64
104	0.000e+00	7.277e-64
105	0.000e+00	3.818e-63
106	0.000e+00	1.979e-62
107	0.000e+00	1.014e-61
108	0.000e+00	5.133e-61
109	0.000e+00	2.569e-60
110	0.000e+00	1.271e-59
111	0.000e+00	6.214e-59
112	0.000e+00	3.004e-58
113	0.000e+00	1.436e-57
114	0.000e+00	6.787e-57
115	0.000e+00	3.173e-56
116	0.000e+00	1.467e-55
117	0.000e+00	6.706e-55
118	0.000e+00	3.033e-54
119	0.000e+00	1.357e-53
120	0.000e+00	6.005e-53
121	0.000e+00	2.629e-52
122	0.000e+00	1.139e-51
123	0.000e+00	4.884e-51
124	0.000e+00	2.072e-50
125	0.000e+00	8.697e-50
126	0.000e+00	3.614e-49
127	0.000e+00	1.486e-48
128	0.000e+00	6.049e-48
129	0.000e+00	2.438e-47
130	0.000e+00	9.723e-47
131	0.000e+00	3.840e-46
132	0.000e+00	1.501e-45
133	0.000e+00	5.812e-45
134	0.000e+00	2.228e-44
135	0.000e+00	8.456e-44
136	0.000e+00	3.178e-43
137	0.000e+00	1.183e-42
138	0.000e+00	4.362e-42
139	0.000e+00	1.593e-41
140	0.000e+00	5.762e-41
141	0.000e+00	2.065e-40
142	0.000e+00	7.327e-40
143	0.000e+00	2.576e-39
144	0.000e+00	8.974e-39
145	0.000e+00	3.097e-38
146	0.000e+00	1.059e-37
147	0.000e+00	3.588e-37
148	0.000e+00	1.205e-36
149	0.000e+00	4.007e-36
150	0.000e+00	1.321e-35
151	0.000e+00	4.316e-35
152	0.000e+00	1.398e-34
153	0.000e+00	4.485e-34
154	0.000e+00	1.427e-33
155	0.000e+00	4.498e-33
156	0.000e+00	1.406e-32
157	0.000e+00	4.354e-32
158	0.000e+00	1.337e-31
159	0.000e+00	4.070e-31
160	0.000e+00	1.228e-30
161	0.000e+00	3.676e-30
162	0.000e+00	1.090e-29
163	0.000e+00	3.207e-29
164	0.000e+00	9.353e-29
165	0.000e+00	2.705e-28
166	0.000e+00	7.755e-28
167	0.000e+00	2.205e-27
168	0.000e+00	6.218e-27
169	0.000e+00	1.739e-26
170	0.000e+00	4.822e-26
171	0.000e+00	1.326e-25
172	0.000e+00	3.617e-25
173	0.000e+00	9.787e-25
174	0.000e+00	2.626e-24
175	0.000e+00	6.990e-24
176	0.000e+00	1.845e-23
177	0.000e+00	4.833e-23
178	0.000e+00	1.255e-22
179	0.000e+00	3.235e-22
180	0.000e+00	8.271e-22
181	0.000e+00	2.098e-21
182	0.000e+00	5.278e-21
183	0.000e+00	1.318e-20
184	0.000e+00	3.263e-20
185	0.000e+00	8.018e-20
186	0.000e+00	1.955e-19
187	0.000e+00	4.729e-19
188	0.000e+00	1.135e-18
189	0.000e+00	2.703e-18
190	0.000e+00	6.389e-18
191	0.000e+00	1.498e-17
192	0.000e+00	3.487e-17
193	0.000e+00	8.052e-17
194	0.000e+00	1.845e-16
195	0.000e+00	4.197e-16
196	0.000e+00	9.473e-16
197	0.000e+00	2.122e-15
198	0.000e+00	4.718e-15
199	0.000e+00	1.041e-14
200	0.000e+00	2.280e-14
201	0.000e+00	4.956e-14
202	0.000e+00	1.069e-13
203	0.000e+00	2.290e-13
204	0.000e+00	4.867e-13
205	0.000e+00	1.027e-12
206	0.000e+00	2.151e-12
207	0.000e+00	4.472e-12
208	0.000e+00	9.228e-12
209	0.000e+00	1.891e-11
210	0.000e+00	3.845e-11
211	0.000e+00	7.763e-11
212	0.000e+00	1.556e-10
213	0.000e+00	3.096e-10
214	0.000e+00	6.116e-10
215	0.000e+00	1.199e-09
216	0.000e+00	2.335e-09
217	0.000e+00	4.515e-09
218	0.000e+00	8.665e-09
219	0.000e+00	1.651e-08
220	0.000e+00	3.124e-08
221	0.000e+00	5.869e-08
222	0.000e+00	1.095e-07
223	0.000e+00	2.028e-07
224	0.000e+00	3.729e-07
225	0.000e+00	6.809e-07
226	0.000e+00	1.235e-06
227	0.000e+00	2.223e-06
228	0.000e+00	3.974e-06
229	0.000e+00	7.055e-06
230	0.000e+00	1.244e-05
231	0.000e+00	2.178e-05
232	0.000e+00	3.786e-05
233	0.000e+00	6.536e-05
234	0.000e+00	1.121e-04
235	0.000e+00	1.908e-04
236	0.000e+00	3.226e-04
237	0.000e+00	5.418e-04
238	0.000e+00	9.036e-04
239	0.000e+00	1.497e-03
240	0.000e+00	2.462e-03
241	0.000e+00	4.022e-03
242	0.000e+00	6.526e-03
243	0.000e+00	1.052e-02
244	0.000e+00	1.683e-02
245	0.000e+00	2.676e-02
246	0.000e+00	4.224e-02
247	0.000e+00	6.624e-02
248	0.000e+00	1.032e-01
249	1.000e+00	1.596e-01
250	0.000e+00	2.453e-01
251	1.000e+00	3.743e-01
252	1.000e+00	5.675e-01
253	1.000e+00	8.545e-01
254	3.000e+00	1.278e+00
255	2.000e+00	1.899e+00
256	2.000e+00	2.802e+00
257	8.000e+00	4.107e+00
258	3.000e+00	5.981e+00
259	8.000e+00	8.650e+00
260	8.000e+00	1.243e+01
261	2.300e+01	1.774e+01
262	2.700e+01	2.515e+01
263	3.200e+01	3.542e+01
264	5.100e+01	4.955e+01
265	4.600e+01	6.885e+01
266	1.050e+02	9.506e+01
267	1.170e+02	1.304e+02
268	1.620e+02	1.776e+02
269	2.540e+02	2.404e+02
270	3.070e+02	3.232e+02
271	3.880e+02	4.316e+02
272	5.660e+02	5.727e+02
273	7.560e+02	7.549e+02
274	9.690e+02	9.885e+02
275	1.281e+03	1.286e+03
276	1.692e+03	1.662e+03
277	2.012e+03	2.134e+03
278	2.728e+03	2.722e+03
279	3.357e+03	3.449e+03
280	4.309e+03	4.342e+03
281	5.335e+03	5.431e+03
282	6.476e+03	6.748e+03
283	8.262e+03	8.330e+03
284	1.002e+04	1.022e+04
285	1.215e+04	1.245e+04
286	1.493e+04	1.507e+04
287	1.786e+04	1.812e+04
288	2.144e+04	2.165e+04
289	2.486e+04	2.571e+04
290	2.958e+04	3.032e+04
291	3.511e+04	3.553e+04
292	4.041e+04	4.136e+04
293	4.722e+04	4.784e+04
294	5.349e+04	5.497e+04
295	6.137e+04	6.276e+04
296	6.954e+04	7.119e+04
297	7.892e+04	8.023e+04
298	8.777e+04	8.983e+04
299	9.820e+04	9.994e+04
300	1.084e+05	1.105e+05
301	1.186e+05	1.213e+05
302	1.295e+05	1.324e+05
303	1.404e+05	1.435e+05
304	1.508e+05	1.545e+05
305	1.616e+05	1.654e+05
306	1.723e+05	1.758e+05
307	1.817e+05	1.857e+05
308	1.909e+05	1.949e+05
309	1.993e+05	2.032e+05
310	2.069e+05	2.106e+05
311	2.127e+05	2.168e+05
312	2.174e+05	2.217e+05
313	2.212e+05	2.253e+05
314	2.233e+05	2.274e+05
315	2.241e+05	2.282e+05
316	2.227e+05	2.274e+05
317	2.208e+05	2.252e+05
318	2.178e+05	2.215e+05
319	2.122e+05	2.166e+05
320	2.071e+05	2.103e+05
321	1.993e+05	2.030e+05
322	1.920e+05	1.946e+05
323	1.820e+05	1.854e+05
324	1.724e+05	1.754e+05
325	1.618e+05	1.650e+05
326	1.521e+05	1.541e+05
327	1.408e+05	1.431e+05
328	1.297e+05	1.319e+05
329	1.186e+05	1.209e+05
330	1.082e+05	1.101e+05
331	9.804e+04	9.955e+04
332	8.803e+04	8.946e+04
333	7.829e+04	7.988e+04
334	6.959e+04	7.086e+04
335	6.133e+04	6.245e+04
336	5.417e+04	5.469e+04
337	4.628e+04	4.758e+04
338	4.015e+04	4.113e+04
339	3.502e+04	3.532e+04
340	2.990e+04	3.013e+04
341	2.509e+04	2.554e+04
342	2.106e+04	2.151e+04
343	1.758e+04	1.800e+04
344	1.481e+04	1.496e+04
345	1.211e+04	1.236e+04
346	9.960e+03	1.014e+04
347	8.095e+03	8.265e+03
348	6.574e+03	6.693e+03
349	5.232e+03	5.385e+03
350	4.295e+03	4.305e+03
351	3.356e+03	3.418e+03
352	2.707e+03	2.697e+03
353	2.029e+03	2.114e+03
354	1.593e+03	1.646e+03
355	1.177e+03	1.273e+03
356	9.270e+02	9.785e+02
357	7.560e+02	7.470e+02
358	5.590e+02	5.666e+02
359	4.030e+02	4.269e+02
360	3.070e+02	3.196e+02
361	2.320e+02	2.376e+02
362	1.850e+02	1.755e+02
363	1.120e+02	1.288e+02
364	9.000e+01	9.390e+01
365	8.100e+01	6.800e+01
366	4.500e+01	4.892e+01
367	3.500e+01	3.496e+01
368	3.700e+01	2.481e+01
369	2.600e+01	1.750e+01
370	1.300e+01	1.226e+01
371	8.000e+00	8.529e+00
372	5.000e+00	5.895e+00
373	5.000e+00	4.048e+00
374	5.000e+00	2.761e+00
375	4.000e+00	1.870e+00
376	5.000e+00	1.258e+00
377	3.000e+00	8.412e-01
378	1.000e+00	5.585e-01
379	0.000e+00	3.683e-01
380	0.000e+00	2.412e-01
381	1.000e+00	1.570e-01
382	0.000e+00	1.014e-01
383	0.000e+00	6.510e-02
384	0.000e+00	4.150e-02
385	0.000e+00	2.628e-02
386	0.000e+00	1.653e-02
387	0.000e+00	1.032e-02
388	0.000e+00	6.404e-03
389	0.000e+00	3.946e-03
390	0.000e+00	2.415e-03
391	0.000e+00	1.467e-03
392	0.000e+00	8.857e-04
393	0.000e+00	5.309e-04
394	0.000e+00	3.161e-04
395	0.000e+00	1.869e-04
396	0.000e+00	1.097e-04
397	0.000e+00	6.397e-05
398	0.000e+00	3.704e-05
399	0.000e+00	2.130e-05
400	0.000e+00	1.216e-05
401	0.000e+00	6.897e-06
402	0.000e+00	3.884e-06
403	0.000e+00	2.172e-06
404	0.000e+00	1.206e-06
405	0.000e+00	6.647e-07
406	0.000e+00	3.639e-07
407	0.000e+00	1.978e-07
408	0.000e+00	1.068e-07
409	0.000e+00	5.723e-08
410	0.000e+00	3.045e-08
411	0.000e+00	1.609e-08
412	0.000e+00	8.441e-09
413	0.000e+00	4.396e-09
414	0.000e+00	2.273e-09
415	0.000e+00	1.167e-09
416	0.000e+00	5.950e-10
417	0.000e+00	3.011e-10
418	0.000e+00	1.513e-10
419	0.000e+00	7.544e-11
420	0.000e+00	3.735e-11
421	0.000e+00	1.836e-11
422	0.000e+00	8.959e-12
423	0.000e+00	4.340e-12
424	0.000e+00	2.087e-12
425	0.000e+00	9.959e-13
426	0.000e+00	4.718e-13
427	0.000e+00	2.219e-13
428	0.000e+00	1.036e-13
429	0.000e+00	4.799e-14
430	0.000e+00	2.207e-14
431	0.000e+00	1.007e-14
432	0.000e+00	4.564e-15
433	0.000e+00	2.052e-15
434	0.000e+00	9.156e-16
435	0.000e+00	4.055e-16
436	0.000e+00	1.782e-16
437	0.000e+00	7.773e-17
438	0.000e+00	3.365e-17
439	0.000e+00	1.445e-17
440	0.000e+00	6.160e-18
441	0.000e+00	2.605e-18
442	0.000e+00	1.094e-18
443	0.000e+00	4.554e-19
444	0.000e+00	1.882e-19
445	0.000e+00	7.715e-20
446	0.000e+00	3.139e-20
447	0.000e+00	1.267e-20
448	0.000e+00	5.072e-21
449	0.000e+00	2.015e-21
450	0.000e+00	7.942e-22
451	0.000e+00	3.105e-22
452	0.000e+00	1.204e-22
453	0.000e+00	4.634e-23
454	0.000e+00	1.769e-23
455	0.000e+00	6.696e-24
456	0.000e+00	2.515e-24
457	0.000e+00	9.367e-25
458	0.000e+00	3.461e-25
459	0.000e+00	1.268e-25
460	0.000e+00	4.608e-26
461	0.000e+00	1.661e-26
462	0.000e+00	5.937e-27
463	0.000e+00	2.104e-27
464	0.000e+00	7.397e-28
465	0.000e+00	2.578e-28
466	0.000e+00	8.911e-29
467	0.000e+00	3.054e-29
468	0.000e+00	1.038e-29
469	0.000e+00	3.497e-30
470	0.000e+00	1.168e-30
471	0.000e+00	3.868e-31
472	0.000e+00	1.270e-31
473	0.000e+00	4.133e-32
474	0.000e+00	1.333e-32
475	0.000e+00	4.264e-33
476	0.000e+00	1.352e-33
477	0.000e+00	4.248e-34
478	0.000e+00	1.323e-34
479	0.000e+00	4.083e-35
480	0.000e+00	1.249e-35
481	0.000e+00	3.786e-36
482	0.000e+00	1.137e-36
483	0.000e+00	3.386e-37
484	0.000e+00	9.986e-38
485	0.000e+00	2.919e-38
486	0.000e+00	8.451e-39
487	0.000e+00	2.425e-39
488	0.000e+00	6.891e-40
489	0.000e+00	1.940e-40
490	0.000e+00	5.412e-41
491	0.000e+00	1.495e-41
492	0.000e+00	4.091e-42
493	0.000e+00	1.109e-42
494	0.000e+00	2.977e-43
495	0.000e+00	7.913e-44
496	0.000e+00	2.083e-44
497	0.000e+00	5.430e-45
498	0.000e+00	1.402e-45
499	0.000e+00	3.582e-46
500	0.000e+00	9.063e-47
501	0.000e+00	2.270e-47
502	0.000e+00	5.630e-48
503	0.000e+00	1.382e-48
504	0.000e+00	3.357e-49
505	0.000e+00	8.074e-50
506	0.000e+00	1.921e-50
507	0.000e+00	4.525e-51
508	0.000e+00	1.055e-51
509	0.000e+00	2.432e-52
510	0.000e+00	5.549e-53
511	0.000e+00	1.253e-53
512	0.000e+00	2.797e-54
513	0.000e+00	6.179e-55
514	0.000e+00	1.350e-55
515	0.000e+00	2.918e-56
516	0.000e+00	6.235e-57
517	0.000e+00	1.318e-57
518	0.000e+00	2.754e-58
519	0.000e+00	5.690e-59
520	0.000e+00	1.162e-59
521	0.000e+00	2.347e-60
522	0.000e+00	4.685e-61
523	0.000e+00	9.242e-62
524	0.000e+00	1.802e-62
525	0.000e+00	3.472e-63
526	0.000e+00	6.610e-64
527	0.000e+00	1.243e-64
528	0.000e+00	2.310e-65
529	0.000e+00	4.240e-66
530	0.000e+00	7.687e-67
531	0.000e+00	1.376e-67
532	0.000e+00	2.433e-68
533	0.000e+00	4.248e-69
534	0.000e+00	7.320e-70
535	0.000e+00	1.245e-70
536	0.000e+00	2.091e-71
537	0.000e+00	3.465e-72
538	0.000e+00	5.667e-73
539	0.000e+00	9.143e-74
540	0.000e+00	1.455e-74
541	0.000e+00	2.285e-75
542	0.000e+00	3.538e-76
543	0.000e+00	5.402e-77
544	0.000e+00	8.133e-78
545	0.000e+00	1.207e-78
546	0.000e+00	1.766e-79
547	0.000e+00	2.546e-80
548	0.000e+00	3.617e-81
549	0.000e+00	5.062e-82
550	0.000e+00	6.979e-83
551	0.000e+00	9.475e-84
552	0.000e+00	1.267e-84
553	0.000e+00	1.667e-85
554	0.000e+00	2.160e-86
555	0.000e+00	2.754e-87
556	0.000e+00	3.455e-88
557	0.000e+00	4.264e-89
558	0.000e+00	5.175e-90
559	0.000e+00	6.176e-91
560	0.000e+00	7.246e-92
561	0.000e+00	8.356e-93
562	0.000e+00	9.468e-94
563	0.000e+00	1.054e-94
564	0.000e+00	1.152e-95
565	0.000e+00	1.236e-96
566	0.000e+00	1.303e-97
567	0.000e+00	1.347e-98
568	0.000e+00	1.366e-99
569	0.000e+00	1.358e-100
570	0.000e+00	1.325e-101
571	0.000e+00	1.266e-102
572	0.000e+00	1.185e-103
573	0.000e+00	1.087e-104
574	0.000e+00	9.761e-106
575	0.000e+00	8.577e-107
576	0.000e+00	7.373e-108
577	0.000e+00	6.198e-109
578	0.000e+00	5.092e-110
579	0.000e+00	4.088e-111
580	0.000e+00	3.205e-112
581	0.000e+00	2.452e-113
582	0.000e+00	1.831e-114
583	0.000e+00	1.332e-115
584	0.000e+00	9.451e-117
585	0.000e+00	6.529e-118
586	0.000e+00	4.390e-119
587	0.000e+00	2.871e-120
588	0.000e+00	1.825e-121
589	0.000e+00	1.127e-122
590	0.000e+00	6.755e-124
591	0.000e+00	3.926e-125
592	0.000e+00	2.211e-126
593	0.000e+00	1.205e-127
594	0.000e+00	6.353e-129
595	0.000e+00	3.236e-130
596	0.000e+00	1.590e-131
597	0.000e+00	7.534e-133
598	0.000e+00	3.436e-134
599	0.000e+00	1.507e-135
600	0.000e+00	6.340e-137
601	0.000e+00	2.557e-138
602	0.000e+00	9.869e-140
603	0.000e+00	3.637e-141
604	0.000e+00	1.277e-142
605	0.000e+00	4.264e-144
606	0.000e+00	1.350e-145
607	0.000e+00	4.044e-147
608	0.000e+00	1.142e-148
609	0.000e+00	3.030e-150
610	0.000e+00	7.524e-152
611	0.000e+00	1.741e-153
612	0.000e+00	3.735e-155
613	0.000e+00	7.383e-157
614	0.000e+00	1.336e-158
615	0.000e+00	2.193e-160
616	0.000e+00	3.236e-162
617	0.000e+00	4.237e-164
618	0.000e+00	4.846e-166
619	0.000e+00	4.743e-168
620	0.000e+00	3.862e-170
621	0.000e+00	2.512e-172
622	0.000e+00	1.223e-174
623	0.000e+00	3.965e-177
624	0.000e+00	6.416e-180
