w	LBB_exp	LBB_pred
0	0.000e+00	2.192e-193
1	0.000e+00	2.803e-190
2	0.000e+00	1.791e-187
3	0.000e+00	7.625e-185
4	0.000e+00	2.290e-182
5	0.000e+00	5.099e-180
6	0.000e+00	8.829e-178
7	0.000e+00	1.236e-175
8	0.000e+00	1.444e-173
9	0.000e+00	1.441e-171
10	0.000e+00	1.252e-169
11	0.000e+00	9.613e-168
12	0.000e+00	6.609e-166
13	0.000e+00	4.108e-164
14	0.000e+00	2.329e-162
15	0.000e+00	1.213e-160
16	0.000e+00	5.837e-159
17	0.000e+00	2.611e-157
18	0.000e+00	1.090e-155
19	0.000e+00	4.267e-154
20	0.000e+00	1.572e-152
21	0.000e+00	5.464e-151
22	0.000e+00	1.798e-149
23	0.000e+00	5.619e-148
24	0.000e+00	1.671e-146
25	0.000e+00	4.736e-145
26	0.000e+00	1.283e-143
27	0.000e+00	3.326e-142
28	0.000e+00	8.268e-141
29	0.000e+00	1.974e-139
30	0.000e+00	4.532e-138
31	0.000e+00	1.002e-136
32	0.000e+00	2.136e-135
33	0.000e+00	4.395e-134
34	0.000e+00	8.740e-133
35	0.000e+00	1.681e-131
36	0.000e+00	3.132e-130
37	0.000e+00	5.653e-129
38	0.000e+00	9.898e-128
39	0.000e+00	1.682e-126
40	0.000e+00	2.778e-125
41	0.000e+00	4.459e-124
42	0.000e+00	6.964e-123
43	0.000e+00	1.059e-121
44	0.000e+00	1.568e-120
45	0.000e+00	2.262e-119
46	0.000e+00	3.184e-118
47	0.000e+00	4.373e-117
48	0.000e+00	5.862e-116
49	0.000e+00	7.675e-115
50	0.000e+00	9.819e-114
51	0.000e+00	1.228e-112
52	0.000e+00	1.502e-111
53	0.000e+00	1.797e-110
54	0.000e+00	2.105e-109
55	0.000e+00	2.414e-108
56	0.000e+00	2.712e-107
57	0.000e+00	2.985e-106
58	0.000e+00	3.220e-105
59	0.000e+00	3.407e-104
60	0.000e+00	3.534e-103
61	0.000e+00	3.598e-102
62	0.000e+00	3.594e-101
63	0.000e+00	3.524e-100
64	0.000e+00	3.393e-99
65	0.000e+00	3.209e-98
66	0.000e+00	2.982e-97
67	0.000e+00	2.723e-96
68	0.000e+00	2.444e-95
69	0.000e+00	2.156e-94
70	0.000e+00	1.871e-93
71	0.000e+00	1.597e-92
72	0.000e+00	1.341e-91
73	0.000e+00	1.108e-90
74	0.000e+00	9.006e-90
75	0.000e+00	7.209e-89
76	0.000e+00	5.681e-88
77	0.000e+00	4.409e-87
78	0.000e+00	3.370e-86
79	0.000e+00	2.538e-85
80	0.000e+00	1.883e-84
81	0.000e+00	1.376e-83
82	0.000e+00	9.918e-83
83	0.000e+00	7.044e-82
84	0.000e+00	4.933e-81
85	0.000e+00	3.406e-80
86	0.000e+00	2.319e-79
87	0.000e+00	1.558e-78
88	0.000e+00	1.032e-77
89	0.000e+00	6.746e-77
90	0.000e+00	4.351e-76
91	0.000e+00	2.770e-75
92	0.000e+00	1.740e-74
93	0.000e+00	1.079e-73
94	0.000e+00	6.605e-73
95	0.000e+00	3.992e-72
96	0.000e+00	2.383e-71
97	0.000e+00	1.404e-70
98	0.000e+00	8.174e-70
99	0.000e+00	4.700e-69
100	0.000e+00	2.670e-68
101	0.000e+00	1.498e-67
102	0.000e+00	8.308e-67
103	0.000e+00	4.552e-66
104	0.000e+00	2.465e-65
105	0.000e+00	1.319e-64
106	0.000e+00	6.979e-64
107	0.000e+00	3.650e-63
108	0.000e+00	1.887e-62
109	0.000e+00	9.645e-62
110	0.000e+00	4.875e-61
111	0.000e+00	2.436e-60
112	0.000e+00	1.204e-59
113	0.000e+00	5.887e-59
114	0.000e+00	2.847e-58
115	0.000e+00	1.362e-57
116	0.000e+00	6.443e-57
117	0.000e+00	3.016e-56
118	0.000e+00	1.397e-55
119	0.000e+00	6.403e-55
120	0.000e+00	2.904e-54
121	0.000e+00	1.303e-53
122	0.000e+00	5.789e-53
123	0.000e+00	2.545e-52
124	0.000e+00	1.108e-51
125	0.000e+00	4.771e-51
126	0.000e+00	2.034e-50
127	0.000e+00	8.588e-50
128	0.000e+00	3.590e-49
129	0.000e+00	1.485e-48
130	0.000e+00	6.087e-48
131	0.000e+00	2.470e-47
132	0.000e+00	9.925e-47
133	0.000e+00	3.950e-46
134	0.000e+00	1.557e-45
135	0.000e+00	6.077e-45
136	0.000e+00	2.350e-44
137	0.000e+00	9.000e-44
138	0.000e+00	3.415e-43
139	0.000e+00	1.284e-42
140	0.000e+00	4.780e-42
141	0.000e+00	1.764e-41
142	0.000e+00	6.447e-41
143	0.000e+00	2.335e-40
144	0.000e+00	8.382e-40
145	0.000e+00	2.981e-39
146	0.000e+00	1.051e-38
147	0.000e+00	3.670e-38
148	0.000e+00	1.271e-37
149	0.000e+00	4.360e-37
150	0.000e+00	1.483e-36
151	0.000e+00	4.998e-36
152	0.000e+00	1.670e-35
153	0.000e+00	5.531e-35
154	0.000e+00	1.816e-34
155	0.000e+00	5.912e-34
156	0.000e+00	1.908e-33
157	0.000e+00	6.104e-33
158	0.000e+00	1.936e-32
159	0.000e+00	6.091e-32
160	0.000e+00	1.900e-31
161	0.000e+00	5.874e-31
162	0.000e+00	1.801e-30
163	0.000e+00	5.478e-30
164	0.000e+00	1.652e-29
165	0.000e+00	4.940e-29
166	0.000e+00	1.465e-28
167	0.000e+00	4.310e-28
168	0.000e+00	1.258e-27
169	0.000e+00	3.639e-27
170	0.000e+00	1.044e-26
171	0.000e+00	2.973e-26
172	0.000e+00	8.397e-26
173	0.000e+00	2.352e-25
174	0.000e+00	6.537e-25
175	0.000e+00	1.802e-24
176	0.000e+00	4.928e-24
177	0.000e+00	1.337e-23
178	0.000e+00	3.599e-23
179	0.000e+00	9.611e-23
180	0.000e+00	2.547e-22
181	0.000e+00	6.695e-22
182	0.000e+00	1.746e-21
183	0.000e+00	4.520e-21
184	0.000e+00	1.161e-20
185	0.000e+00	2.958e-20
186	0.000e+00	7.479e-20
187	0.000e+00	1.877e-19
188	0.000e+00	4.673e-19
189	0.000e+00	1.155e-18
190	0.000e+00	2.832e-18
191	0.000e+00	6.893e-18
192	0.000e+00	1.665e-17
193	0.000e+00	3.991e-17
194	0.000e+00	9.495e-17
195	0.000e+00	2.242e-16
196	0.000e+00	5.255e-16
197	0.000e+00	1.222e-15
198	0.000e+00	2.822e-15
199	0.000e+00	6.469e-15
200	0.000e+00	1.472e-14
201	0.000e+00	3.323e-14
202	0.000e+00	7.448e-14
203	0.000e+00	1.657e-13
204	0.000e+00	3.661e-13
205	0.000e+00	8.026e-13
206	0.000e+00	1.747e-12
207	0.000e+00	3.775e-12
208	0.000e+00	8.098e-12
209	0.000e+00	1.725e-11
210	0.000e+00	3.646e-11
211	0.000e+00	7.654e-11
212	0.000e+00	1.595e-10
213	0.000e+00	3.300e-10
214	0.000e+00	6.779e-10
215	0.000e+00	1.383e-09
216	0.000e+00	2.800e-09
217	0.000e+00	5.628e-09
218	0.000e+00	1.124e-08
219	0.000e+00	2.227e-08
220	0.000e+00	4.383e-08
221	0.000e+00	8.565e-08
222	0.000e+00	1.662e-07
223	0.000e+00	3.202e-07
224	0.000e+00	6.125e-07
225	0.000e+00	1.164e-06
226	0.000e+00	2.195e-06
227	0.000e+00	4.112e-06
228	0.000e+00	7.648e-06
229	0.000e+00	1.413e-05
230	0.000e+00	2.591e-05
231	0.000e+00	4.719e-05
232	0.000e+00	8.535e-05
233	0.000e+00	1.533e-04
234	0.000e+00	2.735e-04
235	0.000e+00	4.844e-04
236	0.000e+00	8.520e-04
237	0.000e+00	1.488e-03
238	0.000e+00	2.582e-03
239	0.000e+00	4.448e-03
240	0.000e+00	7.610e-03
241	0.000e+00	1.293e-02
242	0.000e+00	2.182e-02
243	0.000e+00	3.656e-02
244	0.000e+00	6.084e-02
245	0.000e+00	1.006e-01
246	0.000e+00	1.651e-01
247	0.000e+00	2.690e-01
248	0.000e+00	4.355e-01
249	0.000e+00	7.002e-01
250	1.000e+00	1.118e+00
251	1.000e+00	1.773e+00
252	1.000e+00	2.792e+00
253	3.000e+00	4.366e+00
254	5.000e+00	6.782e+00
255	1.100e+01	1.046e+01
256	1.700e+01	1.602e+01
257	2.700e+01	2.438e+01
258	3.400e+01	3.683e+01
259	5.100e+01	5.527e+01
260	8.800e+01	8.235e+01
261	1.330e+02	1.219e+02
262	1.670e+02	1.791e+02
263	2.700e+02	2.614e+02
264	3.620e+02	3.788e+02
265	5.800e+02	5.452e+02
266	8.160e+02	7.792e+02
267	1.113e+03	1.106e+03
268	1.578e+03	1.559e+03
269	2.243e+03	2.181e+03
270	2.989e+03	3.032e+03
271	4.144e+03	4.184e+03
272	5.868e+03	5.733e+03
273	7.783e+03	7.799e+03
274	1.049e+04	1.054e+04
275	1.408e+04	1.413e+04
276	1.875e+04	1.882e+04
277	2.483e+04	2.488e+04
278	3.275e+04	3.266e+04
279	4.228e+04	4.255e+04
280	5.499e+04	5.504e+04
281	7.088e+04	7.067e+04
282	9.010e+04	9.006e+04
283	1.136e+05	1.139e+05
284	1.435e+05	1.430e+05
285	1.784e+05	1.782e+05
286	2.200e+05	2.202e+05
287	2.707e+05	2.701e+05
288	3.285e+05	3.287e+05
289	3.963e+05	3.967e+05
290	4.738e+05	4.748e+05
291	5.650e+05	5.637e+05
292	6.617e+05	6.634e+05
293	7.730e+05	7.740e+05
294	8.957e+05	8.949e+05
295	1.026e+06	1.025e+06
296	1.163e+06	1.163e+06
297	1.306e+06	1.307e+06
298	1.454e+06	1.453e+06
299	1.598e+06	1.599e+06
300	1.741e+06	1.739e+06
301	1.870e+06	1.870e+06
302	1.986e+06	1.986e+06
303	2.080e+06	2.081e+06
304	2.152e+06	2.150e+06
305	2.190e+06	2.188e+06
306	2.191e+06	2.191e+06
307	2.157e+06	2.156e+06
308	2.078e+06	2.081e+06
309	1.967e+06	1.966e+06
310	1.814e+06	1.815e+06
311	1.630e+06	1.632e+06
312	1.424e+06	1.424e+06
313	1.205e+06	1.203e+06
314	9.777e+05	9.777e+05
315	7.599e+05	7.606e+05
316	5.630e+05	5.623e+05
317	3.914e+05	3.914e+05
318	2.534e+05	2.537e+05
319	1.514e+05	1.509e+05
320	8.058e+04	8.081e+04
321	3.807e+04	3.801e+04
322	1.528e+04	1.518e+04
323	4.878e+03	4.905e+03
324	1.213e+03	1.193e+03
325	1.780e+02	1.924e+02
326	1.100e+01	1.530e+01
