w	Wagner_exp	Wagner_pred
0	0.000e+00	2.192e-193
1	0.000e+00	2.722e-190
2	0.000e+00	1.689e-187
3	0.000e+00	6.982e-185
4	0.000e+00	2.160e-182
5	0.000e+00	5.329e-180
6	0.000e+00	1.090e-177
7	0.000e+00	1.896e-175
8	0.000e+00	2.862e-173
9	0.000e+00	3.800e-171
10	0.000e+00	4.485e-169
11	0.000e+00	4.750e-167
12	0.000e+00	4.545e-165
13	0.000e+00	3.952e-163
14	0.000e+00	3.140e-161
15	0.000e+00	2.290e-159
16	0.000e+00	1.538e-157
17	0.000e+00	9.560e-156
18	0.000e+00	5.513e-154
19	0.000e+00	2.960e-152
20	0.000e+00	1.484e-150
21	0.000e+00	6.964e-149
22	0.000e+00	3.069e-147
23	0.000e+00	1.272e-145
24	0.000e+00	4.977e-144
25	0.000e+00	1.841e-142
26	0.000e+00	6.448e-141
27	0.000e+00	2.145e-139
28	0.000e+00	6.784e-138
29	0.000e+00	2.044e-136
30	0.000e+00	5.880e-135
31	0.000e+00	1.616e-133
32	0.000e+00	4.254e-132
33	0.000e+00	1.073e-130
34	0.000e+00	2.600e-129
35	0.000e+00	6.052e-128
36	0.000e+00	1.356e-126
37	0.000e+00	2.926e-125
38	0.000e+00	6.089e-124
39	0.000e+00	1.224e-122
40	0.000e+00	2.376e-121
41	0.000e+00	4.463e-120
42	0.000e+00	8.114e-119
43	0.000e+00	1.430e-117
44	0.000e+00	2.442e-116
45	0.000e+00	4.048e-115
46	0.000e+00	6.516e-114
47	0.000e+00	1.019e-112
48	0.000e+00	1.550e-111
49	0.000e+00	2.295e-110
50	0.000e+00	3.306e-109
51	0.000e+00	4.641e-108
52	0.000e+00	6.348e-107
53	0.000e+00	8.469e-106
54	0.000e+00	1.102e-104
55	0.000e+00	1.401e-103
56	0.000e+00	1.738e-102
57	0.000e+00	2.107e-101
58	0.000e+00	2.496e-100
59	0.000e+00	2.892e-99
60	0.000e+00	3.278e-98
61	0.000e+00	3.636e-97
62	0.000e+00	3.948e-96
63	0.000e+00	4.198e-95
64	0.000e+00	4.373e-94
65	0.000e+00	4.464e-93
66	0.000e+00	4.468e-92
67	0.000e+00	4.384e-91
68	0.000e+00	4.220e-90
69	0.000e+00	3.985e-89
70	0.000e+00	3.693e-88
71	0.000e+00	3.361e-87
72	0.000e+00	3.002e-86
73	0.000e+00	2.635e-85
74	0.000e+00	2.272e-84
75	0.000e+00	1.925e-83
76	0.000e+00	1.603e-82
77	0.000e+00	1.312e-81
78	0.000e+00	1.056e-80
79	0.000e+00	8.363e-80
80	0.000e+00	6.514e-79
81	0.000e+00	4.993e-78
82	0.000e+00	3.766e-77
83	0.000e+00	2.796e-76
84	0.000e+00	2.044e-75
85	0.000e+00	1.471e-74
86	0.000e+00	1.043e-73
87	0.000e+00	7.280e-73
88	0.000e+00	5.008e-72
89	0.000e+00	3.394e-71
90	0.000e+00	2.267e-70
91	0.000e+00	1.493e-69
92	0.000e+00	9.689e-69
93	0.000e+00	6.200e-68
94	0.000e+00	3.912e-67
95	0.000e+00	2.435e-66
96	0.000e+00	1.494e-65
97	0.000e+00	9.048e-65
98	0.000e+00	5.406e-64
99	0.000e+00	3.187e-63
100	0.000e+00	1.854e-62
101	0.000e+00	1.064e-61
102	0.000e+00	6.032e-61
103	0.000e+00	3.375e-60
104	0.000e+00	1.864e-59
105	0.000e+00	1.017e-58
106	0.000e+00	5.478e-58
107	0.000e+00	2.914e-57
108	0.000e+00	1.531e-56
109	0.000e+00	7.949e-56
110	0.000e+00	4.076e-55
111	0.000e+00	2.066e-54
112	0.000e+00	1.034e-53
113	0.000e+00	5.117e-53
114	0.000e+00	2.502e-52
115	0.000e+00	1.209e-51
116	0.000e+00	5.778e-51
117	0.000e+00	2.729e-50
118	0.000e+00	1.274e-49
119	0.000e+00	5.883e-49
120	0.000e+00	2.685e-48
121	0.000e+00	1.212e-47
122	0.000e+00	5.413e-47
123	0.000e+00	2.390e-46
124	0.000e+00	1.044e-45
125	0.000e+00	4.511e-45
126	0.000e+00	1.928e-44
127	0.000e+00	8.153e-44
128	0.000e+00	3.411e-43
129	0.000e+00	1.412e-42
130	0.000e+00	5.785e-42
131	0.000e+00	2.345e-41
132	0.000e+00	9.409e-41
133	0.000e+00	3.736e-40
134	0.000e+00	1.468e-39
135	0.000e+00	5.713e-39
136	0.000e+00	2.200e-38
137	0.000e+00	8.389e-38
138	0.000e+00	3.167e-37
139	0.000e+00	1.183e-36
140	0.000e+00	4.379e-36
141	0.000e+00	1.605e-35
142	0.000e+00	5.823e-35
143	0.000e+00	2.092e-34
144	0.000e+00	7.446e-34
145	0.000e+00	2.624e-33
146	0.000e+00	9.162e-33
147	0.000e+00	3.168e-32
148	0.000e+00	1.085e-31
149	0.000e+00	3.682e-31
150	0.000e+00	1.238e-30
151	0.000e+00	4.122e-30
152	0.000e+00	1.360e-29
153	0.000e+00	4.445e-29
154	0.000e+00	1.440e-28
155	0.000e+00	4.621e-28
156	0.000e+00	1.470e-27
157	0.000e+00	4.632e-27
158	0.000e+00	1.447e-26
159	0.000e+00	4.479e-26
160	0.000e+00	1.374e-25
161	0.000e+00	4.178e-25
162	0.000e+00	1.259e-24
163	0.000e+00	3.761e-24
164	0.000e+00	1.114e-23
165	0.000e+00	3.269e-23
166	0.000e+00	9.514e-23
167	0.000e+00	2.744e-22
168	0.000e+00	7.849e-22
169	0.000e+00	2.226e-21
170	0.000e+00	6.257e-21
171	0.000e+00	1.744e-20
172	0.000e+00	4.820e-20
173	0.000e+00	1.321e-19
174	0.000e+00	3.589e-19
175	0.000e+00	9.672e-19
176	0.000e+00	2.585e-18
177	0.000e+00	6.850e-18
178	0.000e+00	1.800e-17
179	0.000e+00	4.692e-17
180	0.000e+00	1.213e-16
181	0.000e+00	3.110e-16
182	0.000e+00	7.908e-16
183	0.000e+00	1.995e-15
184	0.000e+00	4.991e-15
185	0.000e+00	1.239e-14
186	0.000e+00	3.049e-14
187	0.000e+00	7.446e-14
188	0.000e+00	1.804e-13
189	0.000e+00	4.335e-13
190	0.000e+00	1.033e-12
191	0.000e+00	2.445e-12
192	0.000e+00	5.736e-12
193	0.000e+00	1.336e-11
194	0.000e+00	3.085e-11
195	0.000e+00	7.071e-11
196	0.000e+00	1.608e-10
197	0.000e+00	3.628e-10
198	0.000e+00	8.124e-10
199	0.000e+00	1.805e-09
200	0.000e+00	3.979e-09
201	0.000e+00	8.704e-09
202	0.000e+00	1.890e-08
203	0.000e+00	4.071e-08
204	0.000e+00	8.703e-08
205	0.000e+00	1.847e-07
206	0.000e+00	3.888e-07
207	0.000e+00	8.126e-07
208	0.000e+00	1.685e-06
209	0.000e+00	3.469e-06
210	0.000e+00	7.088e-06
211	0.000e+00	1.437e-05
212	0.000e+00	2.893e-05
213	0.000e+00	5.779e-05
214	0.000e+00	1.146e-04
215	0.000e+00	2.255e-04
216	0.000e+00	4.406e-04
217	0.000e+00	8.545e-04
218	0.000e+00	1.645e-03
219	0.000e+00	3.144e-03
220	0.000e+00	5.964e-03
221	0.000e+00	1.123e-02
222	0.000e+00	2.100e-02
223	0.000e+00	3.897e-02
224	0.000e+00	7.179e-02
225	0.000e+00	1.313e-01
226	0.000e+00	2.385e-01
227	0.000e+00	4.299e-01
228	0.000e+00	7.695e-01
229	0.000e+00	1.367e+00
230	0.000e+00	2.413e+00
231	0.000e+00	4.226e+00
232	0.000e+00	7.351e+00
233	0.000e+00	1.269e+01
234	0.000e+00	2.177e+01
235	0.000e+00	3.705e+01
236	0.000e+00	6.264e+01
237	0.000e+00	1.051e+02
238	0.000e+00	1.752e+02
239	0.000e+00	2.900e+02
240	0.000e+00	4.765e+02
241	0.000e+00	7.776e+02
242	0.000e+00	1.260e+03
243	0.000e+00	2.027e+03
244	0.000e+00	3.239e+03
245	0.000e+00	5.139e+03
246	0.000e+00	8.097e+03
247	0.000e+00	1.267e+04
248	0.000e+00	1.969e+04
249	0.000e+00	3.038e+04
250	0.000e+00	4.655e+04
251	0.000e+00	7.083e+04
252	0.000e+00	1.071e+05
253	1.000e+00	1.607e+05
254	0.000e+00	2.395e+05
255	0.000e+00	3.545e+05
256	1.000e+00	5.212e+05
257	0.000e+00	7.610e+05
258	0.000e+00	1.104e+06
259	2.000e+00	1.589e+06
260	3.000e+00	2.273e+06
261	1.200e+01	3.230e+06
262	3.000e+00	4.557e+06
263	9.000e+00	6.386e+06
264	1.100e+01	8.888e+06
265	2.900e+01	1.229e+07
266	2.300e+01	1.687e+07
267	3.300e+01	2.301e+07
268	5.900e+01	3.116e+07
269	6.700e+01	4.193e+07
270	9.000e+01	5.603e+07
271	1.180e+02	7.436e+07
272	1.610e+02	9.804e+07
273	2.190e+02	1.284e+08
274	2.590e+02	1.670e+08
275	3.490e+02	2.157e+08
276	5.030e+02	2.768e+08
277	5.930e+02	3.528e+08
278	7.330e+02	4.467e+08
279	1.003e+03	5.618e+08
280	1.158e+03	7.018e+08
281	1.567e+03	8.708e+08
282	1.846e+03	1.073e+09
283	2.415e+03	1.314e+09
284	2.784e+03	1.598e+09
285	3.285e+03	1.931e+09
286	4.036e+03	2.317e+09
287	4.724e+03	2.762e+09
288	5.642e+03	3.270e+09
289	6.858e+03	3.846e+09
290	7.865e+03	4.494e+09
291	9.067e+03	5.215e+09
292	1.044e+04	6.013e+09
293	1.195e+04	6.886e+09
294	1.387e+04	7.834e+09
295	1.557e+04	8.853e+09
296	1.747e+04	9.939e+09
297	1.929e+04	1.108e+10
298	2.141e+04	1.228e+10
299	2.384e+04	1.351e+10
300	2.601e+04	1.477e+10
301	2.841e+04	1.604e+10
302	3.051e+04	1.730e+10
303	3.264e+04	1.854e+10
304	3.481e+04	1.973e+10
305	3.656e+04	2.087e+10
306	3.890e+04	2.192e+10
307	3.984e+04	2.288e+10
308	4.175e+04	2.371e+10
309	4.316e+04	2.442e+10
310	4.405e+04	2.498e+10
311	4.486e+04	2.538e+10
312	4.549e+04	2.562e+10
313	4.558e+04	2.570e+10
314	4.546e+04	2.560e+10
315	4.507e+04	2.533e+10
316	4.441e+04	2.490e+10
317	4.335e+04	2.432e+10
318	4.183e+04	2.359e+10
319	4.033e+04	2.274e+10
320	3.850e+04	2.177e+10
321	3.669e+04	2.070e+10
322	3.483e+04	1.956e+10
323	3.259e+04	1.835e+10
324	3.030e+04	1.711e+10
325	2.817e+04	1.584e+10
326	2.581e+04	1.458e+10
327	2.376e+04	1.332e+10
328	2.175e+04	1.209e+10
329	1.938e+04	1.090e+10
330	1.737e+04	9.769e+09
331	1.560e+04	8.693e+09
332	1.364e+04	7.685e+09
333	1.193e+04	6.748e+09
334	1.060e+04	5.886e+09
335	8.924e+03	5.100e+09
336	7.976e+03	4.390e+09
337	6.644e+03	3.753e+09
338	5.701e+03	3.188e+09
339	4.789e+03	2.690e+09
340	4.088e+03	2.254e+09
341	3.402e+03	1.876e+09
342	2.796e+03	1.552e+09
343	2.296e+03	1.275e+09
344	1.863e+03	1.040e+09
345	1.488e+03	8.428e+08
346	1.259e+03	6.785e+08
347	9.770e+02	5.426e+08
348	7.850e+02	4.310e+08
349	5.970e+02	3.401e+08
350	4.830e+02	2.665e+08
351	3.780e+02	2.075e+08
352	2.740e+02	1.604e+08
353	2.350e+02	1.232e+08
354	1.820e+02	9.399e+07
355	1.070e+02	7.122e+07
356	1.010e+02	5.360e+07
357	6.300e+01	4.007e+07
358	4.300e+01	2.975e+07
359	4.100e+01	2.194e+07
360	2.400e+01	1.607e+07
361	1.900e+01	1.169e+07
362	1.700e+01	8.448e+06
363	1.600e+01	6.063e+06
364	6.000e+00	4.322e+06
365	1.100e+01	3.060e+06
366	3.000e+00	2.151e+06
367	3.000e+00	1.502e+06
368	3.000e+00	1.042e+06
369	1.000e+00	7.177e+05
370	0.000e+00	4.910e+05
371	0.000e+00	3.336e+05
372	0.000e+00	2.251e+05
373	0.000e+00	1.508e+05
374	0.000e+00	1.004e+05
375	0.000e+00	6.635e+04
376	0.000e+00	4.355e+04
377	0.000e+00	2.839e+04
378	0.000e+00	1.838e+04
379	0.000e+00	1.181e+04
380	0.000e+00	7.541e+03
381	0.000e+00	4.780e+03
382	0.000e+00	3.009e+03
383	0.000e+00	1.881e+03
384	0.000e+00	1.168e+03
385	0.000e+00	7.198e+02
386	0.000e+00	4.406e+02
387	0.000e+00	2.678e+02
388	0.000e+00	1.616e+02
389	0.000e+00	9.686e+01
390	0.000e+00	5.764e+01
391	0.000e+00	3.405e+01
392	0.000e+00	1.998e+01
393	0.000e+00	1.164e+01
394	0.000e+00	6.730e+00
395	0.000e+00	3.865e+00
396	0.000e+00	2.203e+00
397	0.000e+00	1.247e+00
398	0.000e+00	7.010e-01
399	0.000e+00	3.911e-01
400	0.000e+00	2.167e-01
401	0.000e+00	1.192e-01
402	0.000e+00	6.506e-02
403	0.000e+00	3.526e-02
404	0.000e+00	1.898e-02
405	0.000e+00	1.014e-02
406	0.000e+00	5.375e-03
407	0.000e+00	2.830e-03
408	0.000e+00	1.479e-03
409	0.000e+00	7.671e-04
410	0.000e+00	3.950e-04
411	0.000e+00	2.019e-04
412	0.000e+00	1.024e-04
413	0.000e+00	5.159e-05
414	0.000e+00	2.579e-05
415	0.000e+00	1.279e-05
416	0.000e+00	6.300e-06
417	0.000e+00	3.079e-06
418	0.000e+00	1.494e-06
419	0.000e+00	7.191e-07
420	0.000e+00	3.436e-07
421	0.000e+00	1.629e-07
422	0.000e+00	7.667e-08
423	0.000e+00	3.581e-08
424	0.000e+00	1.660e-08
425	0.000e+00	7.633e-09
426	0.000e+00	3.484e-09
427	0.000e+00	1.578e-09
428	0.000e+00	7.090e-10
429	0.000e+00	3.162e-10
430	0.000e+00	1.399e-10
431	0.000e+00	6.142e-11
432	0.000e+00	2.675e-11
433	0.000e+00	1.156e-11
434	0.000e+00	4.958e-12
435	0.000e+00	2.109e-12
436	0.000e+00	8.903e-13
437	0.000e+00	3.728e-13
438	0.000e+00	1.548e-13
439	0.000e+00	6.381e-14
440	0.000e+00	2.608e-14
441	0.000e+00	1.058e-14
442	0.000e+00	4.254e-15
443	0.000e+00	1.697e-15
444	0.000e+00	6.717e-16
445	0.000e+00	2.636e-16
446	0.000e+00	1.026e-16
447	0.000e+00	3.963e-17
448	0.000e+00	1.518e-17
449	0.000e+00	5.763e-18
450	0.000e+00	2.171e-18
451	0.000e+00	8.107e-19
452	0.000e+00	3.002e-19
453	0.000e+00	1.103e-19
454	0.000e+00	4.016e-20
455	0.000e+00	1.450e-20
456	0.000e+00	5.191e-21
457	0.000e+00	1.843e-21
458	0.000e+00	6.486e-22
459	0.000e+00	2.263e-22
460	0.000e+00	7.827e-23
461	0.000e+00	2.684e-23
462	0.000e+00	9.124e-24
463	0.000e+00	3.074e-24
464	0.000e+00	1.027e-24
465	0.000e+00	3.399e-25
466	0.000e+00	1.115e-25
467	0.000e+00	3.627e-26
468	0.000e+00	1.169e-26
469	0.000e+00	3.734e-27
470	0.000e+00	1.182e-27
471	0.000e+00	3.707e-28
472	0.000e+00	1.152e-28
473	0.000e+00	3.548e-29
474	0.000e+00	1.083e-29
475	0.000e+00	3.273e-30
476	0.000e+00	9.803e-31
477	0.000e+00	2.909e-31
478	0.000e+00	8.549e-32
479	0.000e+00	2.489e-32
480	0.000e+00	7.179e-33
481	0.000e+00	2.051e-33
482	0.000e+00	5.802e-34
483	0.000e+00	1.626e-34
484	0.000e+00	4.511e-35
485	0.000e+00	1.240e-35
486	0.000e+00	3.373e-36
487	0.000e+00	9.087e-37
488	0.000e+00	2.424e-37
489	0.000e+00	6.402e-38
490	0.000e+00	1.674e-38
491	0.000e+00	4.332e-39
492	0.000e+00	1.110e-39
493	0.000e+00	2.814e-40
494	0.000e+00	7.064e-41
495	0.000e+00	1.755e-41
496	0.000e+00	4.313e-42
497	0.000e+00	1.049e-42
498	0.000e+00	2.525e-43
499	0.000e+00	6.014e-44
500	0.000e+00	1.417e-44
501	0.000e+00	3.303e-45
502	0.000e+00	7.615e-46
503	0.000e+00	1.737e-46
504	0.000e+00	3.917e-47
505	0.000e+00	8.739e-48
506	0.000e+00	1.928e-48
507	0.000e+00	4.206e-49
508	0.000e+00	9.071e-50
509	0.000e+00	1.934e-50
510	0.000e+00	4.078e-51
511	0.000e+00	8.497e-52
512	0.000e+00	1.750e-52
513	0.000e+00	3.562e-53
514	0.000e+00	7.166e-54
515	0.000e+00	1.424e-54
516	0.000e+00	2.797e-55
517	0.000e+00	5.427e-56
518	0.000e+00	1.040e-56
519	0.000e+00	1.969e-57
520	0.000e+00	3.682e-58
521	0.000e+00	6.799e-59
522	0.000e+00	1.240e-59
523	0.000e+00	2.231e-60
524	0.000e+00	3.965e-61
525	0.000e+00	6.955e-62
526	0.000e+00	1.204e-62
527	0.000e+00	2.057e-63
528	0.000e+00	3.468e-64
529	0.000e+00	5.768e-65
530	0.000e+00	9.463e-66
531	0.000e+00	1.531e-66
532	0.000e+00	2.444e-67
533	0.000e+00	3.846e-68
534	0.000e+00	5.966e-69
535	0.000e+00	9.125e-70
536	0.000e+00	1.375e-70
537	0.000e+00	2.043e-71
538	0.000e+00	2.990e-72
539	0.000e+00	4.312e-73
540	0.000e+00	6.124e-74
541	0.000e+00	8.565e-75
542	0.000e+00	1.180e-75
543	0.000e+00	1.599e-76
544	0.000e+00	2.134e-77
545	0.000e+00	2.802e-78
546	0.000e+00	3.620e-79
547	0.000e+00	4.600e-80
548	0.000e+00	5.749e-81
549	0.000e+00	7.065e-82
550	0.000e+00	8.534e-83
551	0.000e+00	1.013e-83
552	0.000e+00	1.182e-84
553	0.000e+00	1.354e-85
554	0.000e+00	1.524e-86
555	0.000e+00	1.684e-87
556	0.000e+00	1.826e-88
557	0.000e+00	1.943e-89
558	0.000e+00	2.028e-90
559	0.000e+00	2.076e-91
560	0.000e+00	2.083e-92
561	0.000e+00	2.048e-93
562	0.000e+00	1.974e-94
563	0.000e+00	1.862e-95
564	0.000e+00	1.720e-96
565	0.000e+00	1.555e-97
566	0.000e+00	1.375e-98
567	0.000e+00	1.189e-99
568	0.000e+00	1.005e-100
569	0.000e+00	8.300e-102
570	0.000e+00	6.693e-103
571	0.000e+00	5.267e-104
572	0.000e+00	4.044e-105
573	0.000e+00	3.027e-106
574	0.000e+00	2.208e-107
575	0.000e+00	1.569e-108
576	0.000e+00	1.085e-109
577	0.000e+00	7.293e-111
578	0.000e+00	4.767e-112
579	0.000e+00	3.026e-113
580	0.000e+00	1.864e-114
581	0.000e+00	1.114e-115
582	0.000e+00	6.448e-117
583	0.000e+00	3.613e-118
584	0.000e+00	1.958e-119
585	0.000e+00	1.025e-120
586	0.000e+00	5.177e-122
587	0.000e+00	2.521e-123
588	0.000e+00	1.181e-124
589	0.000e+00	5.323e-126
590	0.000e+00	2.302e-127
591	0.000e+00	9.541e-129
592	0.000e+00	3.783e-130
593	0.000e+00	1.432e-131
594	0.000e+00	5.167e-133
595	0.000e+00	1.772e-134
596	0.000e+00	5.766e-136
597	0.000e+00	1.774e-137
598	0.000e+00	5.145e-139
599	0.000e+00	1.402e-140
600	0.000e+00	3.577e-142
601	0.000e+00	8.500e-144
602	0.000e+00	1.873e-145
603	0.000e+00	3.802e-147
604	0.000e+00	7.063e-149
605	0.000e+00	1.191e-150
606	0.000e+00	1.804e-152
607	0.000e+00	2.426e-154
608	0.000e+00	2.849e-156
609	0.000e+00	2.862e-158
610	0.000e+00	2.393e-160
611	0.000e+00	1.598e-162
612	0.000e+00	7.988e-165
613	0.000e+00	2.658e-167
614	0.000e+00	4.415e-170
