w	SternBabai_exp	SternBabai_pred
0	0.000e+00	2.192e-193
1	0.000e+00	2.759e-190
2	0.000e+00	1.736e-187
3	0.000e+00	7.273e-185
4	0.000e+00	2.265e-182
5	0.000e+00	5.548e-180
6	0.000e+00	1.105e-177
7	0.000e+00	1.834e-175
8	0.000e+00	2.576e-173
9	0.000e+00	3.109e-171
10	0.000e+00	3.263e-169
11	0.000e+00	3.012e-167
12	0.000e+00	2.470e-165
13	0.000e+00	1.816e-163
14	0.000e+00	1.207e-161
15	0.000e+00	7.304e-160
16	0.000e+00	4.050e-158
17	0.000e+00	2.070e-156
18	0.000e+00	9.804e-155
19	0.000e+00	4.321e-153
20	0.000e+00	1.780e-151
21	0.000e+00	6.877e-150
22	0.000e+00	2.501e-148
23	0.000e+00	8.587e-147
24	0.000e+00	2.791e-145
25	0.000e+00	8.609e-144
26	0.000e+00	2.526e-142
27	0.000e+00	7.066e-141
28	0.000e+00	1.888e-139
29	0.000e+00	4.825e-138
30	0.000e+00	1.182e-136
31	0.000e+00	2.780e-135
32	0.000e+00	6.284e-134
33	0.000e+00	1.367e-132
34	0.000e+00	2.867e-131
35	0.000e+00	5.800e-130
36	0.000e+00	1.134e-128
37	0.000e+00	2.142e-127
38	0.000e+00	3.917e-126
39	0.000e+00	6.939e-125
40	0.000e+00	1.192e-123
41	0.000e+00	1.987e-122
42	0.000e+00	3.215e-121
43	0.000e+00	5.057e-120
44	0.000e+00	7.734e-119
45	0.000e+00	1.151e-117
46	0.000e+00	1.668e-116
47	0.000e+00	2.355e-115
48	0.000e+00	3.242e-114
49	0.000e+00	4.352e-113
50	0.000e+00	5.702e-112
51	0.000e+00	7.294e-111
52	0.000e+00	9.114e-110
53	0.000e+00	1.113e-108
54	0.000e+00	1.329e-107
55	0.000e+00	1.551e-106
56	0.000e+00	1.772e-105
57	0.000e+00	1.982e-104
58	0.000e+00	2.171e-103
59	0.000e+00	2.329e-102
60	0.000e+00	2.448e-101
61	0.000e+00	2.523e-100
62	0.000e+00	2.549e-99
63	0.000e+00	2.527e-98
64	0.000e+00	2.457e-97
65	0.000e+00	2.345e-96
66	0.000e+00	2.197e-95
67	0.000e+00	2.021e-94
68	0.000e+00	1.826e-93
69	0.000e+00	1.622e-92
70	0.000e+00	1.415e-91
71	0.000e+00	1.213e-90
72	0.000e+00	1.023e-89
73	0.000e+00	8.482e-89
74	0.000e+00	6.917e-88
75	0.000e+00	5.550e-87
76	0.000e+00	4.382e-86
77	0.000e+00	3.405e-85
78	0.000e+00	2.604e-84
79	0.000e+00	1.961e-83
80	0.000e+00	1.455e-82
81	0.000e+00	1.062e-81
82	0.000e+00	7.645e-81
83	0.000e+00	5.420e-80
84	0.000e+00	3.787e-79
85	0.000e+00	2.607e-78
86	0.000e+00	1.770e-77
87	0.000e+00	1.184e-76
88	0.000e+00	7.814e-76
89	0.000e+00	5.084e-75
90	0.000e+00	3.263e-74
91	0.000e+00	2.066e-73
92	0.000e+00	1.290e-72
93	0.000e+00	7.951e-72
94	0.000e+00	4.835e-71
95	0.000e+00	2.902e-70
96	0.000e+00	1.719e-69
97	0.000e+00	1.006e-68
98	0.000e+00	5.807e-68
99	0.000e+00	3.311e-67
100	0.000e+00	1.864e-66
101	0.000e+00	1.037e-65
102	0.000e+00	5.695e-65
103	0.000e+00	3.090e-64
104	0.000e+00	1.656e-63
105	0.000e+00	8.773e-63
106	0.000e+00	4.592e-62
107	0.000e+00	2.375e-61
108	0.000e+00	1.214e-60
109	0.000e+00	6.133e-60
110	0.000e+00	3.063e-59
111	0.000e+00	1.512e-58
112	0.000e+00	7.383e-58
113	0.000e+00	3.564e-57
114	0.000e+00	1.701e-56
115	0.000e+00	8.028e-56
116	0.000e+00	3.747e-55
117	0.000e+00	1.730e-54
118	0.000e+00	7.901e-54
119	0.000e+00	3.570e-53
120	0.000e+00	1.595e-52
121	0.000e+00	7.055e-52
122	0.000e+00	3.087e-51
123	0.000e+00	1.336e-50
124	0.000e+00	5.725e-50
125	0.000e+00	2.427e-49
126	0.000e+00	1.019e-48
127	0.000e+00	4.230e-48
128	0.000e+00	1.739e-47
129	0.000e+00	7.078e-47
130	0.000e+00	2.852e-46
131	0.000e+00	1.137e-45
132	0.000e+00	4.492e-45
133	0.000e+00	1.756e-44
134	0.000e+00	6.800e-44
135	0.000e+00	2.607e-43
136	0.000e+00	9.899e-43
137	0.000e+00	3.722e-42
138	0.000e+00	1.386e-41
139	0.000e+00	5.113e-41
140	0.000e+00	1.868e-40
141	0.000e+00	6.762e-40
142	0.000e+00	2.424e-39
143	0.000e+00	8.611e-39
144	0.000e+00	3.030e-38
145	0.000e+00	1.056e-37
146	0.000e+00	3.650e-37
147	0.000e+00	1.249e-36
148	0.000e+00	4.237e-36
149	0.000e+00	1.424e-35
150	0.000e+00	4.743e-35
151	0.000e+00	1.565e-34
152	0.000e+00	5.121e-34
153	0.000e+00	1.660e-33
154	0.000e+00	5.336e-33
155	0.000e+00	1.700e-32
156	0.000e+00	5.366e-32
157	0.000e+00	1.679e-31
158	0.000e+00	5.211e-31
159	0.000e+00	1.603e-30
160	0.000e+00	4.887e-30
161	0.000e+00	1.477e-29
162	0.000e+00	4.428e-29
163	0.000e+00	1.316e-28
164	0.000e+00	3.878e-28
165	0.000e+00	1.133e-27
166	0.000e+00	3.283e-27
167	0.000e+00	9.432e-27
168	0.000e+00	2.687e-26
169	0.000e+00	7.593e-26
170	0.000e+00	2.128e-25
171	0.000e+00	5.913e-25
172	0.000e+00	1.630e-24
173	0.000e+00	4.455e-24
174	0.000e+00	1.208e-23
175	0.000e+00	3.249e-23
176	0.000e+00	8.666e-23
177	0.000e+00	2.293e-22
178	0.000e+00	6.019e-22
179	0.000e+00	1.567e-21
180	0.000e+00	4.049e-21
181	0.000e+00	1.038e-20
182	0.000e+00	2.638e-20
183	0.000e+00	6.653e-20
184	0.000e+00	1.665e-19
185	0.000e+00	4.133e-19
186	0.000e+00	1.018e-18
187	0.000e+00	2.488e-18
188	0.000e+00	6.035e-18
189	0.000e+00	1.452e-17
190	0.000e+00	3.467e-17
191	0.000e+00	8.216e-17
192	0.000e+00	1.932e-16
193	0.000e+00	4.507e-16
194	0.000e+00	1.043e-15
195	0.000e+00	2.398e-15
196	0.000e+00	5.467e-15
197	0.000e+00	1.237e-14
198	0.000e+00	2.779e-14
199	0.000e+00	6.194e-14
200	0.000e+00	1.370e-13
201	0.000e+00	3.009e-13
202	0.000e+00	6.556e-13
203	0.000e+00	1.418e-12
204	0.000e+00	3.045e-12
205	0.000e+00	6.488e-12
206	0.000e+00	1.372e-11
207	0.000e+00	2.881e-11
208	0.000e+00	6.005e-11
209	0.000e+00	1.242e-10
210	0.000e+00	2.551e-10
211	0.000e+00	5.201e-10
212	0.000e+00	1.053e-09
213	0.000e+00	2.114e-09
214	0.000e+00	4.217e-09
215	0.000e+00	8.348e-09
216	0.000e+00	1.641e-08
217	0.000e+00	3.202e-08
218	0.000e+00	6.202e-08
219	0.000e+00	1.193e-07
220	0.000e+00	2.277e-07
221	0.000e+00	4.317e-07
222	0.000e+00	8.125e-07
223	0.000e+00	1.518e-06
224	0.000e+00	2.816e-06
225	0.000e+00	5.188e-06
226	0.000e+00	9.487e-06
227	0.000e+00	1.723e-05
228	0.000e+00	3.106e-05
229	0.000e+00	5.559e-05
230	0.000e+00	9.880e-05
231	0.000e+00	1.744e-04
232	0.000e+00	3.055e-04
233	0.000e+00	5.315e-04
234	0.000e+00	9.182e-04
235	0.000e+00	1.575e-03
236	0.000e+00	2.683e-03
237	0.000e+00	4.537e-03
238	0.000e+00	7.619e-03
239	0.000e+00	1.270e-02
240	0.000e+00	2.103e-02
241	0.000e+00	3.458e-02
242	0.000e+00	5.646e-02
243	0.000e+00	9.152e-02
244	0.000e+00	1.473e-01
245	0.000e+00	2.355e-01
246	0.000e+00	3.737e-01
247	2.000e+00	5.890e-01
248	1.000e+00	9.217e-01
249	2.000e+00	1.432e+00
250	0.000e+00	2.210e+00
251	6.000e+00	3.386e+00
252	5.000e+00	5.152e+00
253	8.000e+00	7.782e+00
254	1.500e+01	1.167e+01
255	1.300e+01	1.739e+01
256	2.000e+01	2.572e+01
257	5.000e+01	3.777e+01
258	6.100e+01	5.507e+01
259	7.300e+01	7.974e+01
260	1.030e+02	1.146e+02
261	1.600e+02	1.636e+02
262	1.960e+02	2.319e+02
263	3.280e+02	3.264e+02
264	4.070e+02	4.560e+02
265	6.170e+02	6.325e+02
266	8.340e+02	8.711e+02
267	1.153e+03	1.191e+03
268	1.595e+03	1.617e+03
269	2.199e+03	2.179e+03
270	2.708e+03	2.915e+03
271	3.753e+03	3.871e+03
272	4.889e+03	5.103e+03
273	6.353e+03	6.677e+03
274	8.388e+03	8.672e+03
275	1.083e+04	1.118e+04
276	1.401e+04	1.430e+04
277	1.770e+04	1.816e+04
278	2.204e+04	2.288e+04
279	2.794e+04	2.860e+04
280	3.469e+04	3.548e+04
281	4.196e+04	4.366e+04
282	5.159e+04	5.329e+04
283	6.237e+04	6.452e+04
284	7.457e+04	7.746e+04
285	8.923e+04	9.222e+04
286	1.052e+05	1.088e+05
287	1.233e+05	1.273e+05
288	1.430e+05	1.476e+05
289	1.637e+05	1.695e+05
290	1.870e+05	1.928e+05
291	2.106e+05	2.170e+05
292	2.353e+05	2.418e+05
293	2.580e+05	2.666e+05
294	2.820e+05	2.905e+05
295	3.029e+05	3.128e+05
296	3.226e+05	3.325e+05
297	3.388e+05	3.488e+05
298	3.503e+05	3.607e+05
299	3.576e+05	3.672e+05
300	3.578e+05	3.676e+05
301	3.519e+05	3.613e+05
302	3.386e+05	3.480e+05
303	3.188e+05	3.278e+05
304	2.932e+05	3.011e+05
305	2.611e+05	2.688e+05
306	2.264e+05	2.324e+05
307	1.884e+05	1.935e+05
308	1.512e+05	1.542e+05
309	1.141e+05	1.167e+05
310	8.162e+04	8.285e+04
311	5.358e+04	5.443e+04
312	3.186e+04	3.238e+04
313	1.673e+04	1.693e+04
314	7.294e+03	7.417e+03
315	2.489e+03	2.526e+03
316	6.060e+02	5.840e+02
317	5.800e+01	6.734e+01
