w	WagnerBabai_exp	WagnerBabai_pred
0	0.000e+00	2.192e-193
1	0.000e+00	2.716e-190
2	0.000e+00	1.681e-187
3	0.000e+00	6.931e-185
4	0.000e+00	2.140e-182
5	0.000e+00	5.265e-180
6	0.000e+00	1.074e-177
7	0.000e+00	1.865e-175
8	0.000e+00	2.809e-173
9	0.000e+00	3.722e-171
10	0.000e+00	4.385e-169
11	0.000e+00	4.636e-167
12	0.000e+00	4.429e-165
13	0.000e+00	3.846e-163
14	0.000e+00	3.052e-161
15	0.000e+00	2.223e-159
16	0.000e+00	1.493e-157
17	0.000e+00	9.269e-156
18	0.000e+00	5.343e-154
19	0.000e+00	2.868e-152
20	0.000e+00	1.437e-150
21	0.000e+00	6.745e-149
22	0.000e+00	2.972e-147
23	0.000e+00	1.233e-145
24	0.000e+00	4.824e-144
25	0.000e+00	1.785e-142
26	0.000e+00	6.257e-141
27	0.000e+00	2.082e-139
28	0.000e+00	6.591e-138
29	0.000e+00	1.988e-136
30	0.000e+00	5.722e-135
31	0.000e+00	1.575e-133
32	0.000e+00	4.148e-132
33	0.000e+00	1.048e-130
34	0.000e+00	2.540e-129
35	0.000e+00	5.920e-128
36	0.000e+00	1.328e-126
37	0.000e+00	2.869e-125
38	0.000e+00	5.979e-124
39	0.000e+00	1.203e-122
40	0.000e+00	2.339e-121
41	0.000e+00	4.399e-120
42	0.000e+00	8.009e-119
43	0.000e+00	1.413e-117
44	0.000e+00	2.417e-116
45	0.000e+00	4.012e-115
46	0.000e+00	6.468e-114
47	0.000e+00	1.013e-112
48	0.000e+00	1.544e-111
49	0.000e+00	2.288e-110
50	0.000e+00	3.302e-109
51	0.000e+00	4.641e-108
52	0.000e+00	6.359e-107
53	0.000e+00	8.497e-106
54	0.000e+00	1.108e-104
55	0.000e+00	1.410e-103
56	0.000e+00	1.752e-102
57	0.000e+00	2.127e-101
58	0.000e+00	2.524e-100
59	0.000e+00	2.930e-99
60	0.000e+00	3.326e-98
61	0.000e+00	3.695e-97
62	0.000e+00	4.019e-96
63	0.000e+00	4.281e-95
64	0.000e+00	4.467e-94
65	0.000e+00	4.567e-93
66	0.000e+00	4.578e-92
67	0.000e+00	4.500e-91
68	0.000e+00	4.339e-90
69	0.000e+00	4.105e-89
70	0.000e+00	3.811e-88
71	0.000e+00	3.474e-87
72	0.000e+00	3.109e-86
73	0.000e+00	2.733e-85
74	0.000e+00	2.360e-84
75	0.000e+00	2.003e-83
76	0.000e+00	1.671e-82
77	0.000e+00	1.370e-81
78	0.000e+00	1.105e-80
79	0.000e+00	8.767e-80
80	0.000e+00	6.841e-79
81	0.000e+00	5.252e-78
82	0.000e+00	3.969e-77
83	0.000e+00	2.952e-76
84	0.000e+00	2.162e-75
85	0.000e+00	1.559e-74
86	0.000e+00	1.107e-73
87	0.000e+00	7.743e-73
88	0.000e+00	5.336e-72
89	0.000e+00	3.623e-71
90	0.000e+00	2.425e-70
91	0.000e+00	1.599e-69
92	0.000e+00	1.040e-68
93	0.000e+00	6.667e-68
94	0.000e+00	4.215e-67
95	0.000e+00	2.628e-66
96	0.000e+00	1.616e-65
97	0.000e+00	9.803e-65
98	0.000e+00	5.868e-64
99	0.000e+00	3.465e-63
100	0.000e+00	2.020e-62
101	0.000e+00	1.162e-61
102	0.000e+00	6.597e-61
103	0.000e+00	3.698e-60
104	0.000e+00	2.047e-59
105	0.000e+00	1.119e-58
106	0.000e+00	6.037e-58
107	0.000e+00	3.218e-57
108	0.000e+00	1.694e-56
109	0.000e+00	8.812e-56
110	0.000e+00	4.528e-55
111	0.000e+00	2.299e-54
112	0.000e+00	1.153e-53
113	0.000e+00	5.716e-53
114	0.000e+00	2.801e-52
115	0.000e+00	1.356e-51
116	0.000e+00	6.493e-51
117	0.000e+00	3.073e-50
118	0.000e+00	1.438e-49
119	0.000e+00	6.650e-49
120	0.000e+00	3.042e-48
121	0.000e+00	1.376e-47
122	0.000e+00	6.156e-47
123	0.000e+00	2.724e-46
124	0.000e+00	1.192e-45
125	0.000e+00	5.161e-45
126	0.000e+00	2.210e-44
127	0.000e+00	9.365e-44
128	0.000e+00	3.926e-43
129	0.000e+00	1.629e-42
130	0.000e+00	6.685e-42
131	0.000e+00	2.716e-41
132	0.000e+00	1.092e-40
133	0.000e+00	4.344e-40
134	0.000e+00	1.711e-39
135	0.000e+00	6.671e-39
136	0.000e+00	2.574e-38
137	0.000e+00	9.835e-38
138	0.000e+00	3.720e-37
139	0.000e+00	1.393e-36
140	0.000e+00	5.167e-36
141	0.000e+00	1.897e-35
142	0.000e+00	6.898e-35
143	0.000e+00	2.484e-34
144	0.000e+00	8.858e-34
145	0.000e+00	3.129e-33
146	0.000e+00	1.095e-32
147	0.000e+00	3.793e-32
148	0.000e+00	1.302e-31
149	0.000e+00	4.427e-31
150	0.000e+00	1.491e-30
151	0.000e+00	4.977e-30
152	0.000e+00	1.645e-29
153	0.000e+00	5.391e-29
154	0.000e+00	1.750e-28
155	0.000e+00	5.628e-28
156	0.000e+00	1.794e-27
157	0.000e+00	5.666e-27
158	0.000e+00	1.773e-26
159	0.000e+00	5.502e-26
160	0.000e+00	1.691e-25
161	0.000e+00	5.154e-25
162	0.000e+00	1.557e-24
163	0.000e+00	4.661e-24
164	0.000e+00	1.383e-23
165	0.000e+00	4.069e-23
166	0.000e+00	1.187e-22
167	0.000e+00	3.431e-22
168	0.000e+00	9.834e-22
169	0.000e+00	2.795e-21
170	0.000e+00	7.874e-21
171	0.000e+00	2.200e-20
172	0.000e+00	6.093e-20
173	0.000e+00	1.673e-19
174	0.000e+00	4.558e-19
175	0.000e+00	1.231e-18
176	0.000e+00	3.297e-18
177	0.000e+00	8.756e-18
178	0.000e+00	2.306e-17
179	0.000e+00	6.025e-17
180	0.000e+00	1.561e-16
181	0.000e+00	4.011e-16
182	0.000e+00	1.022e-15
183	0.000e+00	2.585e-15
184	0.000e+00	6.481e-15
185	0.000e+00	1.612e-14
186	0.000e+00	3.977e-14
187	0.000e+00	9.735e-14
188	0.000e+00	2.364e-13
189	0.000e+00	5.693e-13
190	0.000e+00	1.360e-12
191	0.000e+00	3.225e-12
192	0.000e+00	7.585e-12
193	0.000e+00	1.770e-11
194	0.000e+00	4.098e-11
195	0.000e+00	9.413e-11
196	0.000e+00	2.145e-10
197	0.000e+00	4.852e-10
198	0.000e+00	1.089e-09
199	0.000e+00	2.424e-09
200	0.000e+00	5.356e-09
201	0.000e+00	1.174e-08
202	0.000e+00	2.555e-08
203	0.000e+00	5.516e-08
204	0.000e+00	1.182e-07
205	0.000e+00	2.513e-07
206	0.000e+00	5.302e-07
207	0.000e+00	1.110e-06
208	0.000e+00	2.308e-06
209	0.000e+00	4.760e-06
210	0.000e+00	9.745e-06
211	0.000e+00	1.980e-05
212	0.000e+00	3.993e-05
213	0.000e+00	7.993e-05
214	0.000e+00	1.588e-04
215	0.000e+00	3.131e-04
216	0.000e+00	6.129e-04
217	0.000e+00	1.191e-03
218	0.000e+00	2.296e-03
219	0.000e+00	4.396e-03
220	0.000e+00	8.353e-03
221	0.000e+00	1.576e-02
222	0.000e+00	2.950e-02
223	0.000e+00	5.483e-02
224	0.000e+00	1.012e-01
225	0.000e+00	1.853e-01
226	0.000e+00	3.369e-01
227	0.000e+00	6.082e-01
228	0.000e+00	1.090e+00
229	0.000e+00	1.939e+00
230	0.000e+00	3.423e+00
231	0.000e+00	6.002e+00
232	0.000e+00	1.045e+01
233	0.000e+00	1.805e+01
234	0.000e+00	3.097e+01
235	0.000e+00	5.274e+01
236	0.000e+00	8.918e+01
237	0.000e+00	1.497e+02
238	0.000e+00	2.495e+02
239	0.000e+00	4.128e+02
240	0.000e+00	6.781e+02
241	0.000e+00	1.106e+03
242	0.000e+00	1.791e+03
243	0.000e+00	2.879e+03
244	0.000e+00	4.595e+03
245	0.000e+00	7.282e+03
246	0.000e+00	1.146e+04
247	0.000e+00	1.790e+04
248	0.000e+00	2.775e+04
249	0.000e+00	4.273e+04
250	0.000e+00	6.533e+04
251	0.000e+00	9.915e+04
252	1.000e+00	1.494e+05
253	0.000e+00	2.235e+05
254	0.000e+00	3.320e+05
255	0.000e+00	4.895e+05
256	0.000e+00	7.167e+05
257	0.000e+00	1.042e+06
258	1.000e+00	1.503e+06
259	1.000e+00	2.153e+06
260	4.000e+00	3.062e+06
261	5.000e+00	4.324e+06
262	1.300e+01	6.060e+06
263	1.300e+01	8.432e+06
264	9.000e+00	1.165e+07
265	1.500e+01	1.597e+07
266	2.300e+01	2.174e+07
267	2.400e+01	2.937e+07
268	3.600e+01	3.938e+07
269	3.900e+01	5.242e+07
270	5.000e+01	6.926e+07
271	9.600e+01	9.082e+07
272	1.070e+02	1.182e+08
273	1.430e+02	1.526e+08
274	1.460e+02	1.956e+08
275	2.260e+02	2.488e+08
276	2.400e+02	3.139e+08
277	3.150e+02	3.929e+08
278	4.190e+02	4.880e+08
279	5.430e+02	6.012e+08
280	6.870e+02	7.346e+08
281	7.490e+02	8.902e+08
282	9.100e+02	1.070e+09
283	1.148e+03	1.274e+09
284	1.278e+03	1.505e+09
285	1.580e+03	1.761e+09
286	1.796e+03	2.041e+09
287	2.105e+03	2.344e+09
288	2.301e+03	2.666e+09
289	2.626e+03	3.000e+09
290	2.870e+03	3.342e+09
291	3.148e+03	3.680e+09
292	3.565e+03	4.006e+09
293	3.924e+03	4.308e+09
294	4.098e+03	4.572e+09
295	4.340e+03	4.786e+09
296	4.383e+03	4.935e+09
297	4.322e+03	5.007e+09
298	4.384e+03	4.992e+09
299	4.365e+03	4.882e+09
300	4.088e+03	4.672e+09
301	3.866e+03	4.366e+09
302	3.634e+03	3.970e+09
303	3.083e+03	3.498e+09
304	2.642e+03	2.973e+09
305	2.148e+03	2.420e+09
306	1.726e+03	1.871e+09
307	1.261e+03	1.357e+09
308	8.460e+02	9.069e+08
309	4.650e+02	5.445e+08
310	2.550e+02	2.814e+08
311	1.190e+02	1.163e+08
312	4.500e+01	3.337e+07
313	0.000e+00	4.829e+06
