w	LB_exp	LB_pred
0	0.0	5.017321716076582e-201
1	0.0	6.4227211383717555e-198
2	0.0	4.106329908139319e-195
3	0.0	1.7494247206192207e-192
4	0.0	5.237058433568988e-190
5	0.0	1.1586533999443277e-187
6	0.0	1.9888461857203206e-185
7	0.0	2.7558646652172464e-183
8	0.0	3.183893479499327e-181
9	0.0	3.1381149966884096e-179
10	0.0	2.694063713422508e-177
11	0.0	2.0424070106090943e-175
12	0.0	1.3861724595145887e-173
13	0.0	8.505642106268513e-172
14	0.0	4.758673288194897e-170
15	0.0	2.4445709821030066e-168
16	0.0	1.1611712164989281e-166
17	0.0	5.124901150682238e-165
18	0.0	2.111074734825471e-163
19	0.0	8.153147788624446e-162
20	0.0	2.9618678378663767e-160
21	0.0	1.0160534259883188e-158
22	0.0	3.298339686526622e-157
23	0.0	1.0169689956445372e-155
24	0.0	2.9824681551312894e-154
25	0.0	8.340839568149209e-153
26	0.0	2.2284965432354748e-151
27	0.0	5.699421109959256e-150
28	0.0	1.397617080217318e-148
29	0.0	3.291472914104984e-147
30	0.0	7.455025925757951e-146
31	0.0	1.6258228170297427e-144
32	0.0	3.419652665975554e-143
33	0.0	6.940017994135127e-142
34	0.0	1.361452078796693e-140
35	0.0	2.5841953546763054e-139
36	0.0	4.7472286674921675e-138
37	0.0	8.452996851035957e-137
38	0.0	1.4598758168401664e-135
39	0.0	2.4468599062435523e-134
40	0.0	3.9873058528309336e-133
41	0.0	6.312852779625554e-132
42	0.0	9.727927597320016e-131
43	0.0	1.4587313547698934e-129
44	0.0	2.1309883748482198e-128
45	0.0	3.035113410363845e-127
46	0.0	4.21162041860443e-126
47	0.0	5.706287882380894e-125
48	0.0	7.546582891379786e-124
49	0.0	9.748527914584929e-123
50	0.0	1.2302967255434137e-121
51	0.0	1.5180144900100317e-120
52	0.0	1.8315970972648178e-119
53	0.0	2.1625755279877533e-118
54	0.0	2.499505161476108e-117
55	0.0	2.8268213135741693e-116
56	0.0	3.1335371484073184e-115
57	0.0	3.4036301969917326e-114
58	0.0	3.6210779903435915e-113
59	0.0	3.7790137560412583e-112
60	0.0	3.868281797522547e-111
61	0.0	3.886593190646915e-110
62	0.0	3.829370087133267e-109
63	0.0	3.7057681835437894e-108
64	0.0	3.520365328159573e-107
65	0.0	3.2846061416833464e-106
66	0.0	3.012224168958386e-105
67	0.0	2.7123751065468753e-104
68	0.0	2.4033703475731807e-103
69	0.0	2.0916188796308308e-102
70	0.0	1.7906253551490463e-101
71	0.0	1.5079432237916297e-100
72	0.0	1.2492947959099445e-99
73	0.0	1.0183423501288647e-98
74	0.0	8.171459181748813e-98
75	0.0	6.452477152198852e-97
76	0.0	5.019610640217128e-96
77	0.0	3.843103631976543e-95
78	0.0	2.8977779619310914e-94
79	0.0	2.1538776162536788e-93
80	0.0	1.576839840422061e-92
81	0.0	1.1375952978513054e-91
82	0.0	8.089057912689162e-91
83	0.0	5.66966509613216e-90
84	0.0	3.918638128614557e-89
85	0.0	2.668885547876503e-88
86	0.0	1.7940587413598656e-87
87	0.0	1.1890960910135877e-86
88	0.0	7.775475305434376e-86
89	0.0	5.015032791936037e-85
90	0.0	3.193049176061511e-84
91	0.0	2.0055553319463053e-83
92	0.0	1.2433435931445252e-82
93	0.0	7.608383843174526e-82
94	0.0	4.598448598356684e-81
95	0.0	2.742131120373972e-80
96	0.0	1.6155226583972867e-79
97	0.0	9.398322521081409e-79
98	0.0	5.399572047547746e-78
99	0.0	3.064869424190942e-77
100	0.0	1.7178375674796878e-76
101	0.0	9.515057652249248e-76
102	0.0	5.207302419741891e-75
103	0.0	2.8176656170119857e-74
104	0.0	1.5054254072370293e-73
105	0.0	7.954011388396954e-73
106	0.0	4.152108390950238e-72
107	0.0	2.143806350035277e-71
108	0.0	1.0941057391809335e-70
109	0.0	5.520885026996677e-70
110	0.0	2.7535757410767006e-69
111	0.0	1.3589342622420926e-68
112	0.0	6.631013235161432e-68
113	0.0	3.1999159484831485e-67
114	0.0	1.527627971400324e-66
115	0.0	7.214688891000633e-66
116	0.0	3.3692963348835447e-65
117	0.0	1.557383985227421e-64
118	0.0	7.120843001238252e-64
119	0.0	3.222805189888608e-63
120	0.0	1.4429377782001266e-62
121	0.0	6.39296512454466e-62
122	0.0	2.80393207216871e-61
123	0.0	1.2172498579423022e-60
124	0.0	5.230191661147349e-60
125	0.0	2.224376479782492e-59
126	0.0	9.366277583113766e-59
127	0.0	3.9049045837712816e-58
128	0.0	1.6114025949443038e-57
129	0.0	6.585234752350515e-57
130	0.0	2.664307699595411e-56
131	0.0	1.0677831115646557e-55
132	0.0	4.2367985841504346e-55
133	0.0	1.6651923122471318e-54
134	0.0	6.482233166025949e-54
135	0.0	2.4995051614761073e-53
136	0.0	9.542524741935799e-53
137	0.0	3.609633369640862e-52
138	0.0	1.352983059476673e-51
139	0.0	5.021899564357674e-51
140	0.0	1.8476195662486394e-50
141	0.0	6.734014821485997e-50
142	0.0	2.4308374372597307e-49
143	0.0	8.700200658214912e-49
144	0.0	3.0854697414558545e-48
145	0.0	1.083805580548477e-47
146	0.0	3.7744359077601657e-47
147	0.0	1.3021689435565544e-46
148	0.0	4.454246377502294e-46
149	0.0	1.5097743631040663e-45
150	0.0	5.0722558954496836e-45
151	0.0	1.689683800550973e-44
152	0.0	5.578108130510325e-44
153	0.0	1.825645894499399e-43
154	0.0	5.923735675732753e-43
155	0.0	1.90552934700445e-42
156	0.0	6.077093593149328e-42
157	0.0	1.9215518159882714e-41
158	0.0	6.024448337916772e-41
159	0.0	1.872568839380589e-40
160	0.0	5.772666682456725e-40
161	0.0	1.764302727532769e-39
162	0.0	5.3469267923151905e-39
163	0.0	1.6075114239053758e-38
164	0.0	4.793007150303086e-38
165	0.0	1.4168440429979035e-37
166	0.0	4.154397315090783e-37
167	0.0	1.2080941613801187e-36
168	0.0	3.483742541910839e-36
169	0.0	9.97055355621788e-36
170	0.0	2.829110237714715e-35
171	0.0	7.965456009099683e-35
172	0.0	2.2246053721965467e-34
173	0.0	6.161783786349526e-34
174	0.0	1.6935749715899012e-33
175	0.0	4.616759991481052e-33
176	0.0	1.24906590349589e-32
177	0.0	3.350984941759177e-32
178	0.0	8.92451522398841e-32
179	0.0	2.3575918647622625e-31
180	0.0	6.180095179473892e-31
181	0.0	1.607511423905376e-30
182	0.0	4.147530542669145e-30
183	0.0	1.0622896936273456e-29
184	0.0	2.6986415617035993e-29
185	0.0	6.807260393983466e-29
186	0.0	1.7036462378083033e-28
187	0.0	4.232220735869343e-28
188	0.0	1.0428338384327058e-27
189	0.0	2.549861492568117e-27
190	0.0	6.191539800176621e-27
191	0.0	1.4919207548078084e-26
192	0.0	3.568432735111036e-26
193	0.0	8.469019320019779e-26
194	0.0	1.9947973884857397e-25
195	0.0	4.664827398432516e-25
196	0.0	1.0826611184782041e-24
197	0.0	2.4949273131950157e-24
198	0.0	5.703998958240348e-24
199	0.0	1.2950732787208624e-23
200	0.0	2.9183782791960045e-23
201	0.0	6.530300572977413e-23
202	0.0	1.4502623354498734e-22
203	0.0	3.1976270243426025e-22
204	0.0	6.99953002178932e-22
205	0.0	1.5209900913927413e-21
206	0.0	3.2823172175428006e-21
207	0.0	7.029286035616416e-21
208	0.0	1.4948963561905183e-20
209	0.0	3.156426389812777e-20
210	0.0	6.617279690318157e-20
211	0.0	1.3774745477805142e-19
212	0.0	2.8474216308390823e-19
213	0.0	5.843623330813647e-19
214	0.0	1.19069833791197e-18
215	0.0	2.407948195854272e-18
216	0.0	4.841074557254549e-18
217	0.0	9.656970948963093e-18
218	0.0	1.9135405814963607e-17
219	0.0	3.7652802111979825e-17
220	0.0	7.354313263573932e-17
221	0.0	1.42714420163036e-16
222	0.0	2.748997892795609e-16
223	0.0	5.262236599114992e-16
224	0.0	9.99802064590443e-16
225	0.0	1.887217953880083e-15
226	0.0	3.5363877971433937e-15
227	0.0	6.585234752350514e-15
228	0.0	1.2172498579423022e-14
229	0.0	2.2351344232430578e-14
230	0.0	4.076573894312223e-14
231	0.0	7.384069277401028e-14
232	0.0	1.3282626787587776e-13
233	0.0	2.373614333746084e-13
234	0.0	4.2116204186044303e-13
235	0.0	7.425269911930854e-13
236	0.0	1.3001089118300633e-12
237	0.0	2.2612281584452808e-12
238	0.0	3.907193507911828e-12
239	0.0	6.7042588076589005e-12
240	0.0	1.1426309309605063e-11
241	0.0	1.9348275760034374e-11
242	0.0	3.25485012785625e-11
243	0.0	5.4361948337964796e-11
244	0.0	9.022938962031883e-11
245	0.0	1.4875717989407713e-10
246	0.0	2.435415285540823e-10
247	0.0	3.9644166114254744e-10
248	0.0	6.406698669387935e-10
249	0.0	1.0286425087613211e-09
250	0.0	1.6409297163573458e-09
251	0.0	2.6002178236601267e-09
252	0.0	4.092596363296044e-09
253	0.0	6.402120821106843e-09
254	2.2888246283572508e-08	9.945375390671876e-09
255	0.0	1.5351814210641256e-08
256	0.0	2.3553029406217164e-08
257	2.2888246283572508e-08	3.586744128235403e-08
258	4.5776492567145015e-08	5.429328061374841e-08
259	6.866473885071753e-08	8.164592409327177e-08
260	1.1444123141786254e-07	1.2197676744969025e-07
261	2.0599421655215256e-07	1.8107678875858503e-07
262	3.204354479700151e-07	2.671174472017049e-07
263	3.891001868207326e-07	3.9140602803334655e-07
264	3.891001868207326e-07	5.697132185818711e-07
265	7.782003736414652e-07	8.24012690596519e-07
266	9.841945901936179e-07	1.184518242732496e-06
267	1.6021772398500755e-06	1.6912860474493553e-06
268	2.0599421655215257e-06	2.3987924992920885e-06
269	3.250130972267296e-06	3.38302987972682e-06
270	5.310073137788822e-06	4.738072970929984e-06
271	6.75203265365389e-06	6.594390448912698e-06
272	9.201075005996149e-06	9.11907377593481e-06
273	1.2199435269144148e-05	1.252957074534818e-05
274	1.6868637510992938e-05	1.710741902643995e-05
275	2.2956911022423226e-05	2.3209690785135285e-05
276	3.14713386399122e-05	3.128959300126226e-05
277	4.170238472866911e-05	4.1887311771989716e-05
278	5.3535608057276095e-05	5.575819206369778e-05
279	7.273884668919343e-05	7.3726246566983e-05
280	9.562709297276594e-05	9.689015886930736e-05
281	0.00012737309056808102	0.00012650883724797112
282	0.00016552779712279638	0.0001641387501185455
283	0.00021368466730343292	0.00021161103679346718
284	0.00027053907107182706	0.0002710086182406329
285	0.00034263704686508047	0.0003451697603943196
286	0.0004353344443135491	0.0004364978336021005
287	0.0005502334406570831	0.0005486551164888488
288	0.0006852740937301609	0.0006853038876794383
289	0.0008509849968232259	0.0008507931030409059
290	0.0010510282693416495	0.001049242826026234
291	0.0012858616762111035	0.0012861464745727333
292	0.0015692181652017312	0.0015663107893755497
293	0.0018937734975027893	0.001895686973200103
294	0.0022741761507357643	0.002279997336397757
295	0.0027237013077451287	0.0027261086513901502
296	0.0032524197968956535	0.0032365387347318827
297	0.003833781252498395	0.003820214390571084
298	0.004472363323810068	0.004479424543048299
299	0.00521165367876946	0.005221035964585166
300	0.006042497018863142	0.006047337579322231
301	0.006964893344091114	0.0069606183114000394
302	0.007958243232798161	0.007960878160818592
303	0.00906603435292307	0.009048117127577887
304	0.010210446667101697	0.010220046287537381
305	0.011469300212698184	0.01147208779241598
306	0.012831150866570749	0.01279737486979205
307	0.01418613504655824	0.014186751823103402
308	0.015632672211680024	0.01562877403164731
309	0.01711811939548388	0.017107419026439953
310	0.018571523034490733	0.018613531110919145
311	0.02013936790491545	0.020121932119538884
312	0.021631681562604376	0.021618888507455893
313	0.023117128746408235	0.023072355336702533
314	0.02446753527713901	0.024491488303840982
315	0.02581794180786979	0.025819064305357596
316	0.027008130614615558	0.027055083341252374
317	0.02819831942136133	0.028176656170119857
318	0.029159625765271376	0.029160893550554588
319	0.029983602631479984	0.030007795482556568
320	0.03064736177370359	0.030648694241909413
321	0.031150903191942185	0.03112936831142405
322	0.03142556214734506	0.03142692844969502
323	0.031540003378762914	0.03151848541531685
324	0.03140267390106148	0.03142692844969502
325	0.031173791438225757	0.03112936831142405
326	0.030578697034852872	0.030648694241909413
327	0.030052267370330704	0.029984906241151108
328	0.029068072780137084	0.029160893550554588
329	0.02817543117507776	0.028176656170119857
330	0.027008130614615558	0.027055083341252374
331	0.025795053561586217	0.025819064305357596
332	0.024490423523422584	0.024491488303840982
333	0.023094240500124662	0.023072355336702533
334	0.021627103913347663	0.02160515496261262
335	0.02013936790491545	0.020108198574695608
336	0.018601277754659376	0.018597508641935323
337	0.01712498586936895	0.017093685481596677
338	0.015612072790024807	0.015615040486804035
339	0.014174690923416455	0.014173018278260126
340	0.012789952023260318	0.01278593024908932
341	0.011450989615671326	0.01146064317171325
342	0.010201291368588267	0.010208601666834651
343	0.009050012580524569	0.009038961431015704
344	0.007930777337257874	0.007951722464256409
345	0.0069511603963209705	0.006951462614837856
346	0.006012742298694498	0.0060381818827600475
347	0.005213942503397817	0.005214169192163528
348	0.004486096271580212	0.004472557770626662
349	0.003815470655471537	0.003813347618149446
350	0.0032318203752404384	0.003231960886450791
351	0.0027214124831167713	0.0027215308031090586
352	0.002288824628357251	0.002276106165358829
353	0.0019047598557189042	0.0018924824794033387
354	0.0015559429823572592	0.0015635640804068948
355	0.0012815129094172247	0.0012836286580181328
356	0.001054919271209857	0.001047182794299743
357	0.0008521294091374045	0.0008489619637284692
358	0.0006836719164903108	0.0006839305331951108
359	0.0005481734984915616	0.0005475106544185759
360	0.00043304561968519184	0.00043558226394588214
361	0.0003410348696252304	0.00034425419073810126
362	0.0002673347165921269	0.0002705508334125237
363	0.00020974788894265845	0.00021110747348254707
364	0.0001646122672714535	0.00016372674377324723
365	0.0001283115086657075	0.0001261883878682947
366	9.510066330824377e-05	9.663837721384731e-05
367	7.582875993747572e-05	7.354313263573932e-05
368	5.5893097424484063e-05	5.5597967373859575e-05
369	4.31214559982506e-05	4.177286556496242e-05
370	3.137978565477791e-05	3.119803603564043e-05
371	2.4513311769706156e-05	2.3141023060918908e-05
372	1.6113325383635044e-05	1.7057062695347943e-05
373	1.2725864933666314e-05	1.2492947959099445e-05
374	9.658839931667598e-06	9.09160668624826e-06
375	6.454485451967448e-06	6.573790131647785e-06
376	4.646313995565219e-06	4.7243394260867085e-06
377	3.021248509431571e-06	3.3715852590240905e-06
378	2.197271643222961e-06	2.3919257268704507e-06
379	1.579288993566503e-06	1.6855637370979906e-06
380	9.613063439100453e-07	1.1803981792795135e-06
381	8.239768662086102e-07	8.212659816278639e-07
382	5.264296645221677e-07	5.676531868553797e-07
383	2.975472016864426e-07	3.8980378113496444e-07
384	2.975472016864426e-07	2.6597298513143195e-07
385	1.8310597026858006e-07	1.803901115164213e-07
386	6.866473885071753e-08	1.215189826215811e-07
387	4.5776492567145015e-08	8.132547471359533e-08
388	9.155298513429003e-08	5.408727744109929e-08
389	4.5776492567145015e-08	3.573010583392128e-08
390	2.2888246283572508e-08	2.3438583199189874e-08
391	0.0	1.5287724334705975e-08
392	4.5776492567145015e-08	9.904174756142048e-09
393	0.0	6.374653731420293e-09
394	0.0	4.074284970171677e-09
395	2.2888246283572508e-08	2.5887732029573975e-09
396	0.0	1.6333762666935444e-09
397	0.0	1.0240646604802294e-09
398	0.0	6.376942655560838e-10
399	0.0	3.946105218301107e-10
400	0.0	2.4239706648380937e-10
401	0.0	1.480476134105079e-10
402	0.0	8.979449403361511e-11
403	0.0	5.408727744109929e-11
404	0.0	3.2388276588724285e-11
405	0.0	1.9247563097850355e-11
406	0.0	1.136679728195087e-11
407	0.0	6.6676360214101656e-12
408	0.0	3.886593190646915e-12
409	0.0	2.2490968605003878e-12
410	0.0	1.293013246994371e-12
411	0.0	7.384069277401028e-13
412	0.0	4.188731177198972e-13
413	0.0	2.3598807889028084e-13
414	0.0	1.3204803366809218e-13
415	0.0	7.340579718730657e-14
416	0.0	4.0513957287662184e-14
417	0.0	2.2216297708138372e-14
418	0.0	1.2099253006925554e-14
419	0.0	6.544034117820688e-15
420	0.0	3.515787479878481e-15
421	0.0	1.8750866559351896e-15
422	0.0	9.936219694109692e-16
423	0.0	5.227902737006804e-16
424	0.0	2.730686499671242e-16
425	0.0	1.4177596126541217e-16
426	0.0	7.306245856622468e-17
427	0.0	3.7401020456519774e-17
428	0.0	1.9002648214811945e-17
429	0.0	9.590592148887262e-18
430	0.0	4.806740695146361e-18
431	0.0	2.391925726870451e-18
432	0.0	1.1820004261778956e-18
433	0.0	5.800133772143276e-19
434	0.0	2.826821313574169e-19
435	0.0	1.3671743891480576e-19
436	0.0	6.566923359226147e-20
437	0.0	3.131248224266772e-20
438	0.0	1.483222843073734e-20
439	0.0	6.974351856243316e-21
440	0.0	3.2548501278562497e-21
441	0.0	1.5088587934478481e-21
442	0.0	6.942306918275673e-22
443	0.0	3.172448858796598e-22
444	0.0	1.438359929919035e-22
445	0.0	6.475366393604312e-23
446	0.0	2.89320011365e-23
447	0.0	1.2840864428462422e-23
448	0.0	5.655931551288885e-24
449	0.0	2.472038071789557e-24
450	0.0	1.073276529501966e-24
451	0.0	4.62362676390269e-25
452	0.0	1.9769437801894816e-25
453	0.0	8.391195899241219e-26
454	0.0	3.534098873002848e-26
455	0.0	1.478187209964533e-26
456	0.0	6.134316696662974e-27
457	0.0	2.5269722511626585e-27
458	0.0	1.0327625722143038e-27
459	0.0	4.191020101339518e-28
460	0.0	1.6869370915823181e-28
461	0.0	6.740881593907635e-29
462	0.0	2.673463396157595e-29
463	0.0	1.0517606425808345e-29
464	0.0	4.106329908139319e-30
465	0.0	1.590802277679391e-30
466	0.0	6.116005303538607e-31
467	0.0	2.332413699216258e-31
468	0.0	8.830669334226028e-32
469	0.0	3.316651079650989e-32
470	0.0	1.2355612510666693e-32
471	0.0	4.566403660389043e-33
472	0.0	1.6750346860514793e-33
473	0.0	6.093116062133149e-34
474	0.0	2.199427206650542e-34
475	0.0	7.873899043477848e-35
476	0.0	2.7970652997470725e-35
477	0.0	9.85381842505004e-36
478	0.0	3.4448308315215584e-36
479	0.0	1.1936739392946796e-36
480	0.0	4.104040983998774e-37
481	0.0	1.3994482195297547e-37
482	0.0	4.733495122648892e-38
483	0.0	1.5875977838826266e-38
484	0.0	5.280547992239359e-39
485	0.0	1.7418712709554193e-39
486	0.0	5.699421109959256e-40
487	0.0	1.8483062434908026e-40
488	0.0	5.944335992997666e-41
489	0.0	1.896144758028212e-41
490	0.0	5.996981248230221e-42
491	0.0	1.8798933966303363e-42
492	0.0	5.843623330813647e-43
493	0.0	1.8006966213674487e-43
494	0.0	5.500284709731765e-44
495	0.0	1.6658789894892958e-44
496	0.0	5.001299247092761e-45
497	0.0	1.4880295837688807e-45
498	0.0	4.39015650156701e-46
499	0.0	1.2831708731900237e-46
500	0.0	3.717212804246519e-47
501	0.0	1.0675542191506012e-47
502	0.0	3.0374023345043906e-48
503	0.0	8.565154133922704e-49
504	0.0	2.3942146510109965e-49
505	0.0	6.628724311020887e-50
506	0.0	1.8183213372496519e-50
507	0.0	4.9417872194385686e-51
508	0.0	1.3310093877274328e-51
509	0.0	3.552410266127215e-52
510	0.0	9.386877900378679e-53
511	0.0	2.4583045269462817e-53
512	0.0	6.372364807279747e-54
513	0.0	1.636809652904363e-54
514	0.0	4.163553011652966e-55
515	0.0	1.0492428260262342e-55
516	0.0	2.6185292167844935e-56
517	0.0	6.468499621182674e-57
518	0.0	1.582333258359371e-57
519	0.0	3.8339479354143594e-58
520	0.0	9.194608272572823e-59
521	0.0	2.183175845252666e-59
522	0.0	5.131767923103876e-60
523	0.0	1.1941317241227887e-60
524	0.0	2.751286816936155e-61
525	0.0	6.269363220955181e-62
526	0.0	1.4145551188573577e-62
527	0.0	3.158715313953323e-63
528	0.0	6.978929704524407e-64
529	0.0	1.5257968320878876e-64
530	0.0	3.3006286106671682e-65
531	0.0	7.063619897724604e-66
532	0.0	1.4953541410186274e-66
533	0.0	3.131248224266772e-67
534	0.0	6.48681101430704e-68
535	0.0	1.329178248414996e-68
536	0.0	2.6940637134225077e-69
537	0.0	5.3972831234071996e-70
538	0.0	1.0693853584630381e-70
539	0.0	2.09459448101354e-71
540	0.0	4.05597357704731e-72
541	0.0	7.766319608872192e-73
542	0.0	1.4697181906445133e-73
543	0.0	2.7489978927956092e-74
544	0.0	5.081411592011867e-75
545	0.0	9.281587389913568e-76
546	0.0	1.6750346860514795e-76
547	0.0	2.9870460034123813e-77
548	0.0	5.259947674974446e-78
549	0.0	9.153407638042999e-79
550	0.0	1.572948669383133e-79
551	0.0	2.6688855478765033e-80
552	0.0	4.472557770626661e-81
553	0.0	7.400091746384849e-82
554	0.0	1.2087808386222823e-82
555	0.0	1.949018905674822e-83
556	0.0	3.1014922104396755e-84
557	0.0	4.8708305710816456e-85
558	0.0	7.546582891379786e-86
559	0.0	1.1538466592491812e-86
560	0.0	1.7400401316429826e-87
561	0.0	2.588773202957397e-88
562	0.0	3.797325149165624e-89
563	0.0	5.4911290131695805e-90
564	0.0	7.830409484807476e-91
565	0.0	1.1007436191885165e-91
566	0.0	1.5248812624316693e-92
567	0.0	2.0820053982405383e-93
568	0.0	2.799354223887619e-94
569	0.0	3.710346031824881e-95
570	0.0	4.8433634813950944e-96
571	0.0	6.223584738144264e-97
572	0.0	7.876187967618394e-98
573	0.0	9.810328866379668e-99
574	0.0	1.2026007434428086e-99
575	0.0	1.4507201202779825e-100
576	0.0	1.7214998461045606e-101
577	0.0	2.009446502985233e-102
578	0.0	2.307235533670253e-103
579	0.0	2.6025067478006727e-104
580	0.0	2.8863333412283627e-105
581	0.0	3.1472706932505934e-106
582	0.0	3.369296334883544e-107
583	0.0	3.543254569565031e-108
584	0.0	3.659989700732872e-109
585	0.0	3.7103460318248814e-110
586	0.0	3.6897457145599675e-111
587	0.0	3.602766597219225e-112
588	0.0	3.44940867980265e-113
589	0.0	3.236538734731883e-114
590	0.0	2.977890306850198e-115
591	0.0	2.6826190927197785e-116
592	0.0	2.3690364854649923e-117
593	0.0	2.047900428546404e-118
594	0.0	1.732486681979181e-119
595	0.0	1.4340109740519977e-120
596	0.0	1.1607134316708189e-121
597	0.0	9.18545257601064e-123
598	0.0	7.100242683973339e-124
599	0.0	5.360660337158465e-125
600	0.0	3.950683066582199e-126
601	0.0	2.8405548584174446e-127
602	0.0	1.992050679517085e-128
603	0.0	1.3612231863826385e-129
604	0.0	9.059561748280617e-131
605	0.0	5.868801496359652e-132
606	0.0	3.698901411122151e-133
607	0.0	2.2658060067263723e-134
608	0.0	1.348176318781527e-135
609	0.0	7.786919926137105e-137
610	0.0	4.3604004877399126e-138
611	0.0	2.3667475613244464e-139
612	0.0	1.2438013779726343e-140
613	0.0	6.322008476187737e-142
614	0.0	3.103781134580221e-143
615	0.0	1.4706337603007317e-144
616	0.0	6.717992352502175e-146
617	0.0	2.9550010654447387e-147
618	0.0	1.2488370110818354e-148
619	0.0	5.067678047168591e-150
620	0.0	1.9714503622521717e-151
621	0.0	7.336001870449564e-153
622	0.0	2.607084596081764e-154
623	0.0	8.832958258366574e-156
624	0.0	2.845132706698536e-157
625	0.0	8.688756037512183e-159
626	0.0	2.510949782178837e-160
627	0.0	6.839305331951107e-162
628	0.0	1.7507980751035485e-163
629	0.0	4.1955979496206092e-165
630	0.0	9.366277583113766e-167
631	0.0	1.93894763945642e-168
632	0.0	3.698901411122152e-170
633	0.0	6.45934392462049e-172
634	0.0	1.0236068756521203e-173
635	0.0	1.4575868926996202e-175
636	0.0	1.8421261483113291e-177
637	0.0	2.0339379912890744e-179
638	0.0	1.9217807084023257e-181
639	0.0	1.5109188251743394e-183
640	0.0	9.487590562562699e-186
641	0.0	4.461113149923932e-188
642	0.0	1.3962437257329906e-190
643	0.0	2.1815735983542838e-193
