w	LBB_exp	LBB_pred
0	0.0	5.2597531919321115e-201
1	0.0	6.725861403734356e-198
2	0.0	4.297544692860589e-195
3	0.0	1.829635861700837e-192
4	0.0	5.494906391206449e-190
5	0.0	1.2235164929590254e-187
6	0.0	2.1185383636664514e-185
7	0.0	2.965809737786537e-183
8	0.0	3.4649104056341096e-181
9	0.0	3.457711838309385e-179
10	0.0	3.004202096851735e-177
11	0.0	2.306660923085921e-175
12	0.0	1.5858443816368307e-173
13	0.0	9.857238189989559e-172
14	0.0	5.588487766427869e-170
15	0.0	2.9106207216303155e-168
16	0.0	1.4006012491472508e-166
17	0.0	6.265153094951981e-165
18	0.0	2.615479461316607e-163
19	0.0	1.0238762258199964e-161
20	0.0	3.772049278155693e-160
21	0.0	1.311099062076508e-158
22	0.0	4.3143413499516134e-157
23	0.0	1.3482916599209184e-155
24	0.0	4.009601999871605e-154
25	0.0	1.1364138283298575e-152
26	0.0	3.0785872925405566e-151
27	0.0	7.980811640678013e-150
28	0.0	1.983925154694101e-148
29	0.0	4.73665729966879e-147
30	0.0	1.0874635705217303e-145
31	0.0	2.4043214864580178e-144
32	0.0	5.125379935203919e-143
33	0.0	1.0545901130721546e-141
34	0.0	2.097182613936435e-140
35	0.0	4.0335972242873545e-139
36	0.0	7.515304287012488e-138
37	0.0	1.356450036222273e-136
38	0.0	2.3750473126708048e-135
39	0.0	4.035996746728929e-134
40	0.0	6.665873342694984e-133
41	0.0	1.0699470566982338e-131
42	0.0	1.6710274283127384e-130
43	0.0	2.541094265627786e-129
44	0.0	3.762451188389394e-128
45	0.0	5.427719762842352e-127
46	0.0	7.640079453974381e-126
47	0.0	1.04931116370069e-124
48	0.0	1.406600055251188e-123
49	0.0	1.8416334739087115e-122
50	0.0	2.3560910853823633e-121
51	0.0	2.946613558253938e-120
52	0.0	3.604082707245452e-119
53	0.0	4.311941827510039e-118
54	0.0	5.050994739515099e-117
55	0.0	5.792447173961733e-116
56	0.0	6.507504861551043e-115
57	0.0	7.162574488100983e-114
58	0.0	7.726462261871076e-113
59	0.0	8.175172958445577e-112
60	0.0	8.479912308525584e-111
61	0.0	8.633481744786377e-110
62	0.0	8.623883655020076e-109
63	0.0	8.455917084109836e-108
64	0.0	8.141579644263529e-107
65	0.0	7.700067515013752e-106
66	0.0	7.155375920776257e-105
67	0.0	6.533899608408367e-104
68	0.0	5.864432847208979e-103
69	0.0	5.173370384035416e-102
70	0.0	4.489506488186579e-101
71	0.0	3.8320373391950644e-100
72	0.0	3.2177595941518983e-99
73	0.0	2.6586708652649538e-98
74	0.0	2.1610099108823265e-97
75	0.0	1.7298157281313227e-96
76	0.0	1.3631686990586826e-95
77	0.0	1.0579494444903596e-94
78	0.0	8.086390628107306e-94
79	0.0	6.089987956717016e-93
80	0.0	4.5183007574854775e-92
81	0.0	3.301742879607019e-91
82	0.0	2.3798463575539543e-90
83	0.0	1.6902236078453373e-89
84	0.0	1.1836844204288825e-88
85	0.0	8.172773436004001e-88
86	0.0	5.56449254201212e-87
87	0.0	3.738455963973645e-86
88	0.0	2.4763071597052638e-85
89	0.0	1.6187178390864063e-84
90	0.0	1.0440322143292253e-83
91	0.0	6.646677163162385e-83
92	0.0	4.175169048340271e-82
93	0.0	2.589084714459283e-81
94	0.0	1.5848845726602005e-80
95	0.0	9.578893586766876e-80
96	0.0	5.718061978272911e-79
97	0.0	3.3689295079711154e-78
98	0.0	1.9613696437432973e-77
99	0.0	1.1277755475401883e-76
100	0.0	6.406724919004899e-76
101	0.0	3.594484617479153e-75
102	0.0	1.9935232444604003e-74
103	0.0	1.0922626154048801e-73
104	0.0	5.91482281848205e-73
105	0.0	3.164970100437251e-72
106	0.0	1.6746267119751005e-71
107	0.0	8.75825691174827e-71
108	0.0	4.527898847251776e-70
109	0.0	2.3143393948989606e-69
110	0.0	1.1697671902677484e-68
111	0.0	5.845236667676379e-68
112	0.0	2.8890250196561413e-67
113	0.0	1.412598861355125e-66
114	0.0	6.831440391163651e-66
115	0.0	3.268149565424971e-65
116	0.0	1.5460123091066878e-64
117	0.0	7.236959683789803e-64
118	0.0	3.3521328508800914e-63
119	0.0	1.5364142193403882e-62
120	0.0	6.968213170333418e-62
121	0.0	3.126577741372053e-61
122	0.0	1.3890835414276912e-60
123	0.0	6.10678461380804e-60
124	0.0	2.658670865264954e-59
125	0.0	1.1448121568753697e-58
126	0.0	4.880628646163282e-58
127	0.0	2.0607098728244972e-57
128	0.0	8.614285565253777e-57
129	0.0	3.5632908257386795e-56
130	0.0	1.4605893101866225e-55
131	0.0	5.926820430689924e-55
132	0.0	2.381526023263057e-54
133	0.0	9.478113644220732e-54
134	0.0	3.7360564415320696e-53
135	0.0	1.4581897877450476e-52
136	0.0	5.638877737700941e-52
137	0.0	2.1595701974173815e-51
138	0.0	8.194369137978175e-51
139	0.0	3.0809868149821313e-50
140	0.0	1.1469717270727872e-49
141	0.0	4.2327575869380676e-49
142	0.0	1.5469721180833176e-48
143	0.0	5.602884901077318e-48
144	0.0	2.0112797105280547e-47
145	0.0	7.152976398334682e-47
146	0.0	2.5218980860951867e-46
147	0.0	8.806247360579766e-46
148	0.0	3.049793023241657e-45
149	0.0	1.0461917845266426e-44
150	0.0	3.55849178085553e-44
151	0.0	1.1992813162991194e-43
152	0.0	4.00720247743003e-43
153	0.0	1.3271758624350599e-42
154	0.0	4.357532753899961e-42
155	0.0	1.4185976674590623e-41
156	0.0	4.5782888185248486e-41
157	0.0	1.4646684983372995e-40
158	0.0	4.6454754468889455e-40
159	0.0	1.4615491191632523e-39
160	0.0	4.55909263899225e-39
161	0.0	1.4094794821810777e-38
162	0.0	4.3215399172763387e-38
163	0.0	1.314458393494713e-37
164	0.0	3.964011073481682e-37
165	0.0	1.185364086137985e-36
166	0.0	3.515300376907182e-36
167	0.0	1.0341941723187682e-35
168	0.0	3.018599231501184e-35
169	0.0	8.731862164890945e-35
170	0.0	2.5051014290041625e-34
171	0.0	7.133780218802085e-34
172	0.0	2.014878994190417e-33
173	0.0	5.643676782584091e-33
174	0.0	1.5685678200574914e-32
175	0.0	4.323939439717913e-32
176	0.0	1.1824846592080952e-31
177	0.0	3.2081615043855987e-31
178	0.0	8.63588126722795e-31
179	0.0	2.306181018597606e-30
180	0.0	6.1115836586911896e-30
181	0.0	1.6064802746343744e-29
182	0.0	4.18956618298972e-29
183	0.0	1.0845841435918405e-28
184	0.0	2.7858455546684223e-28
185	0.0	7.097787382178461e-28
186	0.0	1.7946028340538444e-27
187	0.0	4.503903622836028e-27
188	0.0	1.121296836947936e-26
189	0.0	2.771448420018973e-26
190	0.0	6.795447554540027e-26
191	0.0	1.653990818977557e-25
192	0.0	3.995204865222156e-25
193	0.0	9.576494064325299e-25
194	0.0	2.2783465582753373e-24
195	0.0	5.3797293140108555e-24
196	0.0	1.2609490430475932e-23
197	0.0	2.932216423604489e-23
198	0.0	6.771452330124279e-23
199	0.0	1.5522510674547823e-22
200	0.0	3.532097033998206e-22
201	0.0	7.9736130733532875e-22
202	0.0	1.787164314484962e-21
203	0.0	3.976008685689557e-21
204	0.0	8.784651658605592e-21
205	0.0	1.9258567116079893e-20
206	0.0	4.1919657054312946e-20
207	0.0	9.058197216945129e-20
208	0.0	1.9431332731873284e-19
209	0.0	4.1391762117166475e-19
210	0.0	8.74865882198197e-19
211	0.0	1.836594476781404e-18
212	0.0	3.827238294311915e-18
213	0.0	7.918424057197066e-18
214	0.0	1.6266362631436034e-17
215	0.0	3.318539536698043e-17
216	0.0	6.718662836409631e-17
217	0.0	1.350451230118336e-16
218	0.0	2.6970632243301523e-16
219	0.0	5.343736477387232e-16
220	0.0	1.0517106861422648e-15
221	0.0	2.055190971208875e-15
222	0.0	3.9880062978974314e-15
223	0.0	7.683270857922729e-15
224	0.0	1.4697074954646067e-14
225	0.0	2.7930441219931467e-14
226	0.0	5.2669517592568365e-14
227	0.0	9.866836279755858e-14
228	0.0	1.8351547633164595e-13
229	0.0	3.390525209945289e-13
230	0.0	6.217162646120484e-13
231	0.0	1.1323346401791804e-12
232	0.0	2.0479924038841504e-12
233	0.0	3.6784679029342736e-12
234	0.0	6.562693877707265e-12
235	0.0	1.1623286706988663e-11
236	0.0	2.044393120221788e-11
237	0.0	3.570489393063404e-11
238	0.0	6.19556694414631e-11
239	0.0	1.0673075820125014e-10
240	0.0	1.8260365780384748e-10
241	0.0	3.102582516956305e-10
242	0.0	5.235757967516363e-10
243	0.0	8.77265404639772e-10
244	0.0	1.45986945345415e-09
245	0.0	2.4139195762243176e-09
246	0.0	3.961611551040107e-09
247	0.0	6.454715367836396e-09
248	0.0	1.0449920233058551e-08
249	0.0	1.680145613590723e-08
250	2.3994253856086546e-08	2.6826660896807032e-08
251	2.3994253856086546e-08	4.2543532889122415e-08
252	2.3994253856086546e-08	6.699466656877032e-08
253	7.198276156825963e-08	1.0476314979915875e-07
254	1.199712692804327e-07	1.6273561198760757e-07
255	2.63936792416952e-07	2.509900473887313e-07
256	4.0790231555347126e-07	3.844034951402939e-07
257	6.478448541143367e-07	5.850035712559529e-07
258	8.158046311069425e-07	8.83744115232024e-07
259	1.2237069466604138e-06	1.32621605345843e-06
260	2.111494339335616e-06	1.976006730636904e-06
261	3.1912357628595105e-06	2.9250178562797647e-06
262	4.007040393966453e-06	4.2975446928605896e-06
263	6.4784485411433666e-06	6.272351662276706e-06
264	8.68591989590333e-06	9.089391008685601e-06
265	1.3916667236530196e-05	1.3082196351466183e-05
266	1.957931114656662e-05	1.8697078864751376e-05
267	2.6705604541824325e-05	2.6538718203818045e-05
268	3.786293258490457e-05	3.7408554864152195e-05
269	5.381911139920212e-05	5.233358445074788e-05
270	7.171882477584268e-05	7.275352042855001e-05
271	9.943218797962264e-05	0.0001003960189554925
272	0.00014079828162751585	0.0001375646215754872
273	0.00018674727776192158	0.00018713875521842398
274	0.00025169972295034784	0.00025290966534199114
275	0.00033783909429369854	0.0003390525209945289
276	0.00044989225980162273	0.00045159012350439023
277	0.0005957773232466289	0.0005970011834638272
278	0.0007858118137868343	0.000783684029418352
279	0.001014477053035339	0.0010209967988901066
280	0.001319444019546199	0.0013206971518428077
281	0.0017007127133194142	0.0016957425094609594
282	0.002161882272433398	0.0021610099108823264
283	0.0027257472380514316	0.002733056060953775
284	0.003443175428348419	0.0034313170914520618
285	0.004280574887925839	0.004275948990886415
286	0.00527873584833904	0.00528374841634786
287	0.0064952445188426276	0.00648111011469372
288	0.007882112391724429	0.007887230265456593
289	0.009508922803167098	0.009518905525727503
290	0.011368477477013805	0.011392932552597474
291	0.013556753428688898	0.013526108003157533
292	0.015876997776572466	0.015918431877407678
293	0.0185475582307549	0.01857230369778948
294	0.021491653178896716	0.021473326329653496
295	0.024618104456344794	0.0245951050261424
296	0.027905317234628652	0.02790644599551572
297	0.031336495536049024	0.03136175831138353
298	0.03488764510674983	0.03486506107608284
299	0.038342817662026296	0.03836836384078215
300	0.04177399596344667	0.04172769525898696
301	0.04486925471088184	0.04487106965745004
302	0.047652588158187875	0.047654515689676887
303	0.04990804802066001	0.04993406200917301
304	0.05163563429829825	0.05158973249385967
305	0.052547415944829534	0.05250155102165812
306	0.052571410198685616	0.052573536694905366
307	0.051755605567578675	0.05173370384035416
308	0.04986005951294784	0.04993406200917301
309	0.04719669733492223	0.04717461120136191
310	0.043525576494940994	0.043551332314583864
311	0.03911063378542107	0.03916020624650185
312	0.03416781749106724	0.03416919956802612
313	0.028913075896584286	0.028866254972145667
314	0.023459181995095814	0.023460130911277487
315	0.018233233505240164	0.01825076769061845
316	0.013508764920976725	0.013492514688975485
317	0.009391350959272274	0.009391730836324035
318	0.006080143927132331	0.006087588434275441
319	0.003632730033811503	0.0036208793643364764
320	0.0019334569757234537	0.001939054085036651
321	0.0009134612443012147	0.0009120584800426074
322	0.0003666321989210024	0.000364247506631065
323	0.00011704397030999016	0.00011769657575924729
324	2.910502992743298e-05	2.862630272798818e-05
325	4.270977186383405e-06	4.6166811775900465e-06
326	2.63936792416952e-07	3.671269335609549e-07
