w	Stern_exp	Stern_pred
0	0.0	3.082024443668586e-200
1	0.0	3.8764331164207527e-197
2	0.0	2.4366552741230194e-194
3	0.0	1.0200769771357476e-191
4	0.0	3.1748226249104315e-189
5	0.0	7.762708464185338e-187
6	0.0	1.5438242879325305e-184
7	0.0	2.5533560171998864e-182
8	0.0	3.5755420439093126e-180
9	0.0	4.2982430311564165e-178
10	0.0	4.489463525836584e-176
11	0.0	4.122488900016557e-174
12	0.0	3.361825020443243e-172
13	0.0	2.456339736810684e-170
14	0.0	1.622562138683188e-168
15	0.0	9.752245228688555e-167
16	0.0	5.371046247634122e-165
17	0.0	2.726298082241509e-163
18	0.0	1.2815991242718594e-161
19	0.0	5.607259799886095e-160
20	0.0	2.2918338700637748e-158
21	0.0	8.791924656140359e-157
22	0.0	3.1734165918613127e-155
23	0.0	1.0809582081625951e-153
24	0.0	3.4855559287657042e-152
25	0.0	1.0668978776714065e-150
26	0.0	3.1059270055036066e-149
27	0.0	8.618982591098737e-148
28	0.0	2.2848037048181806e-146
29	0.0	5.792856162369786e-145
30	0.0	1.4074390821679993e-143
31	0.0	3.283087169692585e-142
32	0.0	7.361989045186456e-141
33	0.0	1.5888173455043348e-139
34	0.0	3.304177665429369e-138
35	0.0	6.62944582659552e-137
36	0.0	1.2849736035897446e-135
37	0.0	2.4085346131406417e-134
38	0.0	4.367138650563243e-133
39	0.0	7.672722349041729e-132
40	0.0	1.3069077191559993e-130
41	0.0	2.1596667634466005e-129
42	0.0	3.467277499127159e-128
43	0.0	5.406197073862095e-127
44	0.0	8.199984742461309e-126
45	0.0	1.2101726453766202e-124
46	0.0	1.7392628817600548e-123
47	0.0	2.433843208024782e-122
48	0.0	3.322456095067914e-121
49	0.0	4.421973939478879e-120
50	0.0	5.743645005650627e-119
51	0.0	7.284657227484918e-118
52	0.0	9.023920109244974e-117
53	0.0	1.09248767916537e-115
54	0.0	1.2929879919697223e-114
55	0.0	1.4974251973116076e-113
56	0.0	1.6956758572373695e-112
57	0.0	1.879866186671943e-111
58	0.0	2.0401539542714952e-110
59	0.0	2.1709150278395513e-109
60	0.0	2.2609011429831597e-108
61	0.0	2.3101122997023202e-107
62	0.0	2.314330398849677e-106
63	0.0	2.2735554404252293e-105
64	0.0	2.1905994905272155e-104
65	0.0	2.0724927144012297e-103
66	0.0	1.924859244243747e-102
67	0.0	1.7547292453003624e-101
68	0.0	1.571944948914908e-100
69	0.0	1.3832553137231544e-99
70	0.0	1.1961123148854314e-98
71	0.0	1.0165618945129504e-97
72	0.0	8.495251682776275e-97
73	0.0	6.98095408887524e-96
74	0.0	5.642410626114066e-95
75	0.0	4.486651459738347e-94
76	0.0	3.509458490600725e-93
77	0.0	2.7023955204064883e-92
78	0.0	2.0485901525662085e-91
79	0.0	1.5283579243922229e-90
80	0.0	1.123701612855809e-89
81	0.0	8.133901189152723e-89
82	0.0	5.799886327615381e-88
83	0.0	4.0746837763465155e-87
84	0.0	2.820502296532474e-86
85	0.0	1.9248592442437473e-85
86	0.0	1.2941128184090176e-84
87	0.0	8.579613665723407e-84
88	0.0	5.6086658329352134e-83
89	0.0	3.61631700233376e-82
90	0.0	2.2988640353093692e-81
91	0.0	1.4425899083959711e-80
92	0.0	8.924091762757533e-80
93	0.0	5.448378065335661e-79
94	0.0	3.283087169692585e-78
95	0.0	1.9515738721770056e-77
96	0.0	1.1456357284220636e-76
97	0.0	6.637882024890235e-76
98	0.0	3.7976952656700957e-75
99	0.0	2.1442003999062923e-74
100	0.0	1.1962529181903432e-73
101	0.0	6.590076901220191e-73
102	0.0	3.585384275253145e-72
103	0.0	1.927671310341985e-71
104	0.0	1.0231702498438092e-70
105	0.0	5.368234181535885e-70
106	0.0	2.782539404206264e-69
107	0.0	1.4257175118065446e-68
108	0.0	7.217167641127212e-68
109	0.0	3.612098903186403e-67
110	0.0	1.7870680054300968e-66
111	0.0	8.737089367224721e-66
112	0.0	4.223723279553117e-65
113	0.0	2.0190634585347122e-64
114	0.0	9.542746304369842e-64
115	0.0	4.461342864854207e-63
116	0.0	2.0626504830573973e-62
117	0.0	9.428857627391211e-62
118	0.0	4.264498237977564e-61
119	0.0	1.90798684765432e-60
120	0.0	8.443228459958875e-60
121	0.0	3.696460886133536e-59
122	0.0	1.6014716429464043e-58
123	0.0	6.86706541189661e-58
124	0.0	2.91330047777432e-57
125	0.0	1.2228269428186902e-56
126	0.0	5.081403439515634e-56
127	0.0	2.089365110990656e-55
128	0.0	8.505093914120108e-55
129	0.0	3.42790857375183e-54
130	0.0	1.3670859336582873e-53
131	0.0	5.3991669086165e-53
132	0.0	2.1104556067274394e-52
133	0.0	8.171864081478932e-52
134	0.0	3.1326416334368647e-51
135	0.0	1.188941546334925e-50
136	0.0	4.468373030099802e-50
137	0.0	1.6633370971076355e-49
138	0.0	6.1331161602565565e-49
139	0.0	2.239810647246376e-48
140	0.0	8.101562429022988e-48
141	0.0	2.9034582464304877e-47
142	0.0	1.0302004150894036e-46
143	0.0	3.6219411345302355e-46
144	0.0	1.2617740582792832e-45
145	0.0	4.354484353121172e-45
146	0.0	1.4889889990168942e-44
147	0.0	5.044846580238542e-44
148	0.0	1.6942698241882507e-43
149	0.0	5.633974427819354e-43
150	0.0	1.8573696578860408e-42
151	0.0	6.068438639997087e-42
152	0.0	1.965634202668195e-41
153	0.0	6.306058225298178e-41
154	0.0	2.0064091610926423e-40
155	0.0	6.324336654936723e-40
156	0.0	1.976882467061146e-39
157	0.0	6.121867895863605e-39
158	0.0	1.879866186671943e-38
159	0.0	5.722554509913844e-38
160	0.0	1.726608584317985e-37
161	0.0	5.168577488561004e-37
162	0.0	1.5325760235395794e-36
163	0.0	4.509147988524249e-36
164	0.0	1.3150627108408887e-35
165	0.0	3.8033193978665716e-35
166	0.0	1.0903786295916916e-34
167	0.0	3.100302873307131e-34
168	0.0	8.742713499421197e-34
169	0.0	2.445091472417733e-33
170	0.0	6.779891362851241e-33
171	0.0	1.8643998231316356e-32
172	0.0	5.08562153866299e-32
173	0.0	1.3760845451726483e-31
174	0.0	3.6922427869861794e-31
175	0.0	9.828171013340973e-31
176	0.0	2.5941309756243338e-30
177	0.0	6.795357726391548e-30
178	0.0	1.7645714766441948e-29
179	0.0	4.548516913899577e-29
180	0.0	1.1629299349262258e-28
181	0.0	2.949857337051411e-28
182	0.0	7.42104243324945e-28
183	0.0	1.8531515587386844e-27
184	0.0	4.5878858392749066e-27
185	0.0	1.1273572987835183e-26
186	0.0	2.748794611027411e-26
187	0.0	6.649130289283185e-26
188	0.0	1.5958475107499291e-25
189	0.0	3.8005073317683336e-25
190	0.0	8.983145150820526e-25
191	0.0	2.1062375075800824e-24
192	0.0	4.902837242277536e-24
193	0.0	1.1321378111505224e-23
194	0.0	2.594130975624334e-23
195	0.0	5.90112070715194e-23
196	0.0	1.3319351074303154e-22
197	0.0	2.983602130230264e-22
198	0.0	6.633663925742877e-22
199	0.0	1.4636804041327543e-21
200	0.0	3.205755351991047e-21
201	0.0	6.96829979143317e-21
202	0.0	1.503049329508083e-20
203	0.0	3.2198156824822357e-20
204	0.0	6.843162850061591e-20
205	0.0	1.44399594144509e-19
206	0.0	3.0243770886547117e-19
207	0.0	6.287779795659633e-19
208	0.0	1.2974872977269028e-18
209	0.0	2.6588084958838025e-18
210	0.0	5.406197073862095e-18
211	0.0	1.0915034560309866e-17
212	0.0	2.187787424428978e-17
213	0.0	4.353078320072053e-17
214	0.0	8.599298128411073e-17
215	0.0	1.6858336258935376e-16
216	0.0	3.283087169692585e-16
217	0.0	6.348239216771745e-16
218	0.0	1.2183276370615097e-15
219	0.0	2.3213605640952714e-15
220	0.0	4.392447245447382e-15
221	0.0	8.252007965278708e-15
222	0.0	1.539606188785174e-14
223	0.0	2.851435023613089e-14
224	0.0	5.2430972401643045e-14
225	0.0	9.573679031450456e-14
226	0.0	1.7364508156618172e-13
227	0.0	3.1256114681912713e-13
228	0.0	5.587575337198431e-13
229	0.0	9.9195631615337e-13
230	0.0	1.7491051131038869e-12
231	0.0	3.0623399809809214e-12
232	0.0	5.323241123964081e-12
233	0.0	9.189832009041001e-12
234	0.0	1.5761630480622648e-11
235	0.0	2.6827110577188235e-11
236	0.0	4.5358626164575073e-11
237	0.0	7.617887060126094e-11
238	0.0	1.2704914631838203e-10
239	0.0	2.104831474530964e-10
240	0.0	3.4616533669306837e-10
241	0.0	5.655064923556137e-10
242	0.0	9.175771678549812e-10
243	0.0	1.479146767673062e-09
244	0.0	2.3663536216670756e-09
245	0.0	3.762544439442124e-09
246	0.0	5.93908359947815e-09
247	0.0	9.313562917363462e-09
248	0.0	1.4510261066906844e-08
249	1.4328544351716475e-07	2.244028746393733e-08
250	0.0	3.448999069488613e-08
251	1.4328544351716475e-07	5.262781702851969e-08
252	1.4328544351716475e-07	7.979237553749646e-08
253	1.4328544351716475e-07	1.201455240472083e-07
254	4.298563305514942e-07	1.7969102367739292e-07
255	2.865708870343295e-07	2.6700567602767536e-07
256	2.865708870343295e-07	3.9397046036311027e-07
257	1.146283548137318e-06	5.774577732731242e-07
258	4.298563305514942e-07	8.409483666780023e-07
259	1.146283548137318e-06	1.2162185874878316e-06
260	1.146283548137318e-06	1.7476990800547682e-06
261	3.295565200894789e-06	2.4943026291368933e-06
262	3.8687069749634475e-06	3.5361731185339838e-06
263	4.585134192549272e-06	4.980169059979074e-06
264	7.3075576193754014e-06	6.966893758384051e-06
265	6.591130401789578e-06	9.68053754318349e-06
266	1.5044971569302297e-05	1.3365750164924076e-05
267	1.6764396891508273e-05	1.83346709605102e-05
268	2.3212241849780688e-05	2.4971146952351314e-05
269	3.6394502653359844e-05	3.380103450081788e-05
270	4.3988631159769576e-05	4.544298814752221e-05
271	5.559475208465992e-05	6.0684386399970875e-05
272	8.109956103071524e-05	8.052351272303828e-05
273	0.00010832379529897654	0.00010614143487798426
274	0.00013884359476813262	0.0001389863669054013
275	0.00018354865314548804	0.000180815850116688
276	0.00024243897043104275	0.0002336826927635579
277	0.00028829031235653546	0.00030004745268196907
278	0.0003908826899148254	0.0003827221959701592
279	0.00048100923388712203	0.0004849407986411018
280	0.0006174169761154628	0.0006104995499274179
281	0.0007644278411640739	0.0007636165489764638
282	0.0009279165322171588	0.0009487911015454204
283	0.001183824334338815	0.0011712255299160272
284	0.0014357201440419907	0.0014369657761994956
285	0.0017409181387335515	0.0017505111461530059
286	0.0021392516717112695	0.0021188918050221526
287	0.002559078021216562	0.002547731885003411
288	0.003072039909008012	0.0030440615513423756
289	0.003562076125836715	0.003614910969284641
290	0.004238383419237733	0.004263092204928445
291	0.005030751921887654	0.004995635423519382
292	0.005790164772528627	0.005815352691155688
293	0.006765938642880519	0.006726462106984723
294	0.007664338373733141	0.007728963671006485
295	0.0087934276686484	0.008824263416270092
296	0.009964069742183636	0.010009549276677309
297	0.011308087202374641	0.011280603153080776
298	0.012576163377501549	0.012630394880234902
299	0.014070630553385578	0.01405189429289409
300	0.015532142077260657	0.015536665192763628
301	0.01699365360113574	0.017055180885812017
302	0.018555464935472832	0.018615877570333974
303	0.020117276269809928	0.02017657425485593
304	0.021607444882388444	0.0217232106088867
305	0.023154927672373822	0.02325578663242628
306	0.024688081918007483	0.024718061003509914
307	0.02603496508706883	0.026110033722137608
308	0.02735319116742675	0.027403584127326977
309	0.028556788892970933	0.02857059155809565
310	0.029645758263701385	0.02961105601444362
311	0.03047681383610094	0.030482796504897325
312	0.031150255420631615	0.031171752698965577
313	0.03169474010599684	0.03167792459664837
314	0.03199563953738289	0.03197319153696334
315	0.03211026789219662	0.03208567418089285
316	0.03190966827127259	0.03197319153696334
317	0.03163742592858997	0.031663864266157186
318	0.03120756959803848	0.031143632037983197
319	0.030405171114342357	0.030454675843914945
320	0.029674415352404816	0.02956887502297005
321	0.028556788892970933	0.02854247089711327
322	0.02751080515529563	0.02736140313585341
323	0.02607795072012398	0.02606785273066404
324	0.0247024104623592	0.02466181968154516
325	0.023183584761077253	0.023199545310461523
326	0.021793715958960756	0.021666969286921946
327	0.020174590447216794	0.020120332932891175
328	0.018584122024176267	0.018545575917878032
329	0.01699365360113574	0.01699893956384726
330	0.015503484988557225	0.015480423870798872
331	0.01404770488242283	0.013997059003978454
332	0.012613417592816012	0.012578371657417504
333	0.011217817372958827	0.011231391996361615
334	0.009971234014359493	0.009963150186056386
335	0.008787696250907714	0.008780676391747406
336	0.0077617724753248135	0.007689594745631156
337	0.006631250325974384	0.0066899052477076325
338	0.0057529105572141645	0.005783013931025954
339	0.005017856231971109	0.004966108729487885
340	0.004284234761163226	0.004236377576995186
341	0.003595031777845663	0.00359100840744962
342	0.003017591440471489	0.0030243770886547116
343	0.002518958097031756	0.0025308594884139845
344	0.0021220574184892095	0.002103425441481845
345	0.001735186720992865	0.001737856848710936
346	0.0014271230174309607	0.0014257175118065446
347	0.0011598956652714486	0.0011620863150967546
348	0.000941958505681841	0.0009410579197752666
349	0.0007496694404818059	0.000757148796950517
350	0.0006154109799062225	0.000605297227645678
351	0.0004808659484436049	0.0004805820961888333
352	0.00038787369560096496	0.000379207113347362
353	0.00029072616489632727	0.0002972353865837313
354	0.00022825371152284342	0.0002314330398849677
355	0.0001686469670197029	0.00017898800715283346
356	0.00013282560614041172	0.00013758033385628243
357	0.00010832379529897654	0.00010503066876918036
358	8.009656292609509e-05	7.966583256307576e-05
359	5.774403373741739e-05	6.0023550866884996e-05
360	4.3988631159769576e-05	4.493681624983942e-05
361	3.324222289598222e-05	3.3407345247064594e-05
362	2.6507807050675477e-05	2.467588001203635e-05
363	1.604796967392245e-05	1.810970567265118e-05
364	1.2895689916544825e-05	1.3202650331226286e-05
365	1.1606120924890344e-05	9.561024734008385e-06
366	6.447844958272413e-06	6.878313676289562e-06
367	5.0149905231007655e-06	4.915491539719606e-06
368	5.301561410135096e-06	3.488367994863942e-06
369	3.7254215314462832e-06	2.4605578359580407e-06
370	1.8627107657231416e-06	1.7237965182197472e-06
371	1.146283548137318e-06	1.199205587593493e-06
372	7.164272175858236e-07	8.288564824555799e-07
373	7.164272175858236e-07	5.691621782833228e-07
374	7.164272175858236e-07	3.882057248617229e-07
375	5.73141774068659e-07	2.6292818018523065e-07
376	7.164272175858236e-07	1.7687895757915513e-07
377	4.298563305514942e-07	1.182755000918802e-07
378	1.4328544351716475e-07	7.852694579328946e-08
379	0.0	5.1784197199048364e-08
380	0.0	3.391351714474739e-08
381	1.4328544351716475e-07	2.207471887116642e-08
382	0.0	1.4257175118065447e-08
383	0.0	9.153275149763911e-09
384	0.0	5.835037153843353e-09
385	0.0	3.6950548530844174e-09
386	0.0	2.324172630193509e-09
387	0.0	1.4510261066906844e-09
388	0.0	9.004235646557309e-10
389	0.0	5.548206411823101e-10
390	0.0	3.395569813622096e-10
391	0.0	2.0626504830573974e-10
392	0.0	1.2453234716045923e-10
393	0.0	7.464629457772135e-11
394	0.0	4.44447046826478e-11
395	0.0	2.627875768803187e-11
396	0.0	1.5424182548834117e-11
397	0.0	8.994393415213478e-12
398	0.0	5.207946413936332e-12
399	0.0	2.994850394623215e-12
400	0.0	1.7097361877285585e-12
401	0.0	9.697409939772917e-13
402	0.0	5.461032362777731e-13
403	0.0	3.053903782686208e-13
404	0.0	1.6956758572373697e-13
405	0.0	9.345901677493197e-14
406	0.0	5.116554265743606e-14
407	0.0	2.7811333711571453e-14
408	0.0	1.501643296458964e-14
409	0.0	8.046727140107352e-15
410	0.0	4.28137063456699e-15
411	0.0	2.2623071760322785e-15
412	0.0	1.1868324967612467e-15
413	0.0	6.180921283926598e-16
414	0.0	3.195913120647215e-16
415	0.0	1.6408405683217334e-16
416	0.0	8.365896642257338e-17
417	0.0	4.2335655108969487e-17
418	0.0	2.127328003316866e-17
419	0.0	1.0607113322552833e-17
420	0.0	5.251533438459018e-18
421	0.0	2.581476678182264e-18
422	0.0	1.2596650087056048e-18
423	0.0	6.1021834331759395e-19
424	0.0	2.934390973511103e-19
425	0.0	1.4002683136174928e-19
426	0.0	6.633663925742877e-20
427	0.0	3.1199873359947954e-20
428	0.0	1.4566502388871598e-20
429	0.0	6.747552602721507e-21
430	0.0	3.1031149394053688e-21
431	0.0	1.4158752804627125e-21
432	0.0	6.41713483617857e-22
433	0.0	2.885179816791942e-22
434	0.0	1.2873638597732467e-22
435	0.0	5.701464014177059e-23
436	0.0	2.5055508935298446e-23
437	0.0	1.0929094890801055e-23
438	0.0	4.731301210285033e-24
439	0.0	2.031717755976782e-24
440	0.0	8.661163582572302e-25
441	0.0	3.662716092954683e-25
442	0.0	1.538200155736055e-25
443	0.0	6.403074505687381e-26
444	0.0	2.6461541984417325e-26
445	0.0	1.0847544973952162e-26
446	0.0	4.413537741184165e-27
447	0.0	1.7814438732336215e-27
448	0.0	7.131399625130961e-28
449	0.0	2.8331565939745437e-28
450	0.0	1.1166714476102147e-28
451	0.0	4.3657326175141226e-29
452	0.0	1.6928637911391316e-29
453	0.0	6.515557149616891e-30
454	0.0	2.487272463891299e-30
455	0.0	9.414797296900022e-31
456	0.0	3.536173118533984e-31
457	0.0	1.3170311571096552e-31
458	0.0	4.866280383000445e-32
459	0.0	1.7828499062827402e-32
460	0.0	6.4790002903398e-33
461	0.0	2.33542089458646e-33
462	0.0	8.347618212618792e-34
463	0.0	2.958293535346124e-34
464	0.0	1.0400426464332357e-34
465	0.0	3.624753200628474e-35
466	0.0	1.252916050069834e-35
467	0.0	4.2940249320090605e-36
468	0.0	1.4594623049853975e-36
469	0.0	4.916897572768725e-37
470	0.0	1.6422466013708523e-37
471	0.0	5.438535833991829e-38
472	0.0	1.785661972380978e-38
473	0.0	5.811134592008332e-39
474	0.0	1.8742420544754673e-39
475	0.0	5.995324921442905e-40
476	0.0	1.900956682408726e-40
477	0.0	5.972828392657004e-41
478	0.0	1.8601817239842788e-41
479	0.0	5.740832939552388e-42
480	0.0	1.7561352783494815e-42
481	0.0	5.323241123964081e-43
482	0.0	1.598659576848167e-43
483	0.0	4.760827904316528e-44
484	0.0	1.4040646028501137e-44
485	0.0	4.104210470378011e-45
486	0.0	1.1882385298103657e-45
487	0.0	3.4096301441132845e-46
488	0.0	9.688973741478204e-47
489	0.0	2.7277041152906275e-47
490	0.0	7.609450861831378e-48
491	0.0	2.1020194084327256e-48
492	0.0	5.75208120394534e-49
493	0.0	1.5592906514728383e-49
494	0.0	4.185760387226907e-50
495	0.0	1.1125939517677698e-50
496	0.0	2.9287668413146276e-51
497	0.0	7.63475945671552e-52
498	0.0	1.9712583348646704e-52
499	0.0	5.036410381943829e-53
500	0.0	1.2742877524164412e-53
501	0.0	3.191695021499858e-54
502	0.0	7.915966066539295e-55
503	0.0	1.9431376738822927e-55
504	0.0	4.720052945892082e-56
505	0.0	1.1352310838585839e-56
506	0.0	2.700989487357369e-57
507	0.0	6.362299547262933e-58
508	0.0	1.4833648668204186e-58
509	0.0	3.419472375457117e-59
510	0.0	7.802077389560665e-60
511	0.0	1.7617594105459568e-60
512	0.0	3.9326744383855075e-61
513	0.0	8.687878210505562e-62
514	0.0	1.8981446163104883e-62
515	0.0	4.1028044373288927e-63
516	0.0	8.766616061256218e-64
517	0.0	1.8531515587386842e-64
518	0.0	3.872215017273396e-65
519	0.0	8.000328049486428e-66
520	0.0	1.6338104030761388e-66
521	0.0	3.2999595662820114e-67
522	0.0	6.5872648351219545e-68
523	0.0	1.2994557439956692e-68
524	0.0	2.5336715545122224e-69
525	0.0	4.881746746540753e-70
526	0.0	9.293878454675798e-71
527	0.0	1.7476990800547684e-71
528	0.0	3.2479363434646136e-72
529	0.0	5.961580128264052e-73
530	0.0	1.0808176048576832e-73
531	0.0	1.934701475587579e-74
532	0.0	3.4208784085062353e-75
533	0.0	5.972828392657004e-76
534	0.0	1.0292161919550204e-76
535	0.0	1.750511146153006e-77
536	0.0	2.940015105707579e-78
537	0.0	4.8719045151969205e-79
538	0.0	7.967989289356694e-80
539	0.0	1.2855360168093923e-80
540	0.0	2.0457780864679707e-81
541	0.0	3.212785517236642e-82
542	0.0	4.974544927782599e-83
543	0.0	7.595390531340192e-84
544	0.0	1.1435266788483854e-84
545	0.0	1.6970818902864887e-85
546	0.0	2.4830543647439425e-86
547	0.0	3.579760143056669e-87
548	0.0	5.085621538662989e-88
549	0.0	7.117339294639771e-89
550	0.0	9.812704649800665e-90
551	0.0	1.332216314040139e-90
552	0.0	1.7814438732336211e-91
553	0.0	2.3438570928811737e-92
554	0.0	3.037031386096781e-93
555	0.0	3.8722150172733967e-94
556	0.0	4.8578441847057304e-95
557	0.0	5.995324921442905e-96
558	0.0	7.276221029190205e-97
559	0.0	8.683660111358205e-98
560	0.0	1.0188115473915408e-98
561	0.0	1.1748812158437363e-99
562	0.0	1.3312320909057558e-100
563	0.0	1.4819588337712997e-101
564	0.0	1.61975007258495e-102
565	0.0	1.737856848710936e-103
566	0.0	1.832061063001901e-104
567	0.0	1.893926517163132e-105
568	0.0	1.9206411450963903e-106
569	0.0	1.9093928807034392e-107
570	0.0	1.8629937900825165e-108
571	0.0	1.7800378401845024e-109
572	0.0	1.666149163205873e-110
573	0.0	1.5283579243922228e-111
574	0.0	1.372428859244939e-112
575	0.0	1.2059545462292636e-113
576	0.0	1.0366681671153504e-114
577	0.0	8.714592838438821e-116
578	0.0	7.159520286113338e-117
579	0.0	5.747863104797982e-118
580	0.0	4.506335922426011e-119
581	0.0	3.447593036439494e-120
582	0.0	2.57444651293667e-121
583	0.0	1.8728360214263486e-122
584	0.0	1.3288418347222538e-123
585	0.0	9.179989777697169e-125
586	0.0	6.172485085631885e-126
587	0.0	4.036720884020305e-127
588	0.0	2.5660103146419566e-128
589	0.0	1.584599246356978e-129
590	0.0	9.497753246798037e-131
591	0.0	5.5200857508407235e-132
592	0.0	3.108739071601844e-133
593	0.0	1.6942698241882506e-134
594	0.0	8.932527961052247e-136
595	0.0	4.549922946948697e-137
596	0.0	2.23559254809902e-138
597	0.0	1.0593052992061643e-139
598	0.0	4.831129556772472e-141
599	0.0	2.1188918050221526e-142
600	0.0	8.914249531413701e-144
601	0.0	3.595226506596977e-145
602	0.0	1.387614016175423e-146
603	0.0	5.1137421996453676e-148
604	0.0	1.79550420372481e-149
605	0.0	5.995324921442906e-151
606	0.0	1.8981446163104883e-152
607	0.0	5.685997650636752e-154
608	0.0	1.6056897420937613e-155
609	0.0	4.260280138830208e-157
610	0.0	1.0578992661570456e-158
611	0.0	2.447903538515971e-160
612	0.0	5.251533438459018e-162
613	0.0	1.0380742001644693e-163
614	0.0	1.878460153622824e-165
615	0.0	3.0834304767177047e-167
616	0.0	4.5499229469486966e-169
617	0.0	5.957362029116696e-171
618	0.0	6.813636156030094e-173
619	0.0	6.66881475197085e-175
620	0.0	5.430099635697116e-177
621	0.0	3.5319550193866276e-179
622	0.0	1.7195784190723908e-181
623	0.0	5.57492103975636e-184
624	0.0	9.021108043146737e-187
