w	SternBabai_exp	SternBabai_pred
0	0.0	3.200231134214304e-200
1	0.0	4.028028147489627e-197
2	0.0	2.53448962089235e-194
3	0.0	1.0618285145593354e-191
4	0.0	3.3068081747241784e-189
5	0.0	8.099855078750438e-187
6	0.0	1.6132552022385063e-184
7	0.0	2.6775656478782084e-182
8	0.0	3.760855566485423e-180
9	0.0	4.539013958153408e-178
10	0.0	4.763847714845471e-176
11	0.0	4.397397890626589e-174
12	0.0	3.60609986382725e-172
13	0.0	2.6512863776155e-170
14	0.0	1.7621710670605223e-168
15	0.0	1.0663543888823575e-166
16	0.0	5.912835809109458e-165
17	0.0	3.0221160802115004e-163
18	0.0	1.4313442536422006e-161
19	0.0	6.308484822509127e-160
20	0.0	2.5987278370900825e-158
21	0.0	1.0040141199813762e-156
22	0.0	3.65135860705747e-155
23	0.0	1.253667187477109e-153
24	0.0	4.074746850178888e-152
25	0.0	1.2568790982869955e-150
26	0.0	3.687857593533454e-149
27	0.0	1.0316073537572204e-147
28	0.0	2.7564034586663346e-146
29	0.0	7.04430438986497e-145
30	0.0	1.7256720805845378e-143
31	0.0	4.0586872961294545e-142
32	0.0	9.174385240603414e-141
33	0.0	1.9957645805068217e-139
34	0.0	4.1857037690658804e-138
35	0.0	8.467764862428359e-137
36	0.0	1.6555940265506483e-135
37	0.0	3.1272331612623354e-134
38	0.0	5.718661201057221e-133
39	0.0	1.0130658686274204e-131
40	0.0	1.7402716751749319e-130
41	0.0	2.900939445111233e-129
42	0.0	4.693769660811582e-128
43	0.0	7.383014984362106e-127
44	0.0	1.1291326456210506e-125
45	0.0	1.6804133373543175e-124
46	0.0	2.435212377677673e-123
47	0.0	3.4382045260377213e-122
48	0.0	4.733188566205644e-121
49	0.0	6.353743565739348e-120
50	0.0	8.324688835442501e-119
51	0.0	1.064894429423318e-117
52	0.0	1.330607050968484e-116
53	0.0	1.6249348779108213e-115
54	0.0	1.940286121063326e-114
55	0.0	2.2643971209700662e-113
56	0.0	2.5870481614177677e-112
57	0.0	2.893639647816036e-111
58	0.0	3.169571985574477e-110
59	0.0	3.400245580102698e-109
60	0.0	3.573980755728384e-108
61	0.0	3.683477715156336e-107
62	0.0	3.7214366610913604e-106
63	0.0	3.689317552992494e-105
64	0.0	3.5871203908597374e-104
65	0.0	3.4236049314473276e-103
66	0.0	3.207530931509501e-102
67	0.0	2.9505780667185716e-101
68	0.0	2.6658859722058936e-100
69	0.0	2.368054242561862e-99
70	0.0	2.0658426345407117e-98
71	0.0	1.7709308238147584e-97
72	0.0	1.4935385265972777e-96
73	0.0	1.2383376131571955e-95
74	0.0	1.0098539578175337e-94
75	0.0	8.102774997668516e-94
76	0.0	6.3975423495105285e-93
77	0.0	4.971161958029063e-92
78	0.0	3.801734431338525e-91
79	0.0	2.862980499176209e-90
80	0.0	2.1242410129022868e-89
81	0.0	1.5504769454998133e-88
82	0.0	1.1161390064356e-87
83	0.0	7.912980267993397e-87
84	0.0	5.528866471382102e-86
85	0.0	3.806114309715644e-85
86	0.0	2.584128242499689e-84
87	0.0	1.7285919995026168e-83
88	0.0	1.1408123212933655e-82
89	0.0	7.422433889756169e-82
90	0.0	4.763847714845472e-81
91	0.0	3.016276242375343e-80
92	0.0	1.8833477021607905e-79
93	0.0	1.160813765882205e-78
94	0.0	7.058903984455365e-78
95	0.0	4.236802350132259e-77
96	0.0	2.509670310088681e-76
97	0.0	1.4687192157936082e-75
98	0.0	8.477984578641634e-75
99	0.0	4.833925768879361e-74
100	0.0	2.7213644316493896e-73
101	0.0	1.513977959023829e-72
102	0.0	8.314469119229225e-72
103	0.0	4.51127472843166e-71
104	0.0	2.4176928641692004e-70
105	0.0	1.2808224334152413e-69
106	0.0	6.704133835908798e-69
107	0.0	3.467403715218509e-68
108	0.0	1.772390783273798e-67
109	0.0	8.953931362288469e-67
110	0.0	4.471855823037597e-66
111	0.0	2.2074587020675307e-65
112	0.0	1.0778880686087687e-64
113	0.0	5.203295512016323e-64
114	0.0	2.483391039825972e-63
115	0.0	1.1720554537168082e-62
116	0.0	5.470468093020529e-62
117	0.0	2.5257298641381136e-61
118	0.0	1.1535139685870079e-60
119	0.0	5.212055268770559e-60
120	0.0	2.3286353371677987e-59
121	0.0	1.0300013983522771e-58
122	0.0	4.506894850054542e-58
123	0.0	1.9505058372766013e-57
124	0.0	8.358267903000407e-57
125	0.0	3.5433216070885562e-56
126	0.0	1.4876986887611203e-55
127	0.0	6.175628511736545e-55
128	0.0	2.5388694992694682e-54
129	0.0	1.0333593051080677e-53
130	0.0	4.16380437718029e-53
131	0.0	1.659973904927766e-52
132	0.0	6.5581378900048595e-52
133	0.0	2.5636888100731375e-51
134	0.0	9.92772432146773e-51
135	0.0	3.8061143097156435e-50
136	0.0	1.4452138685030746e-49
137	0.0	5.4339691065445436e-49
138	0.0	2.0235038102285698e-48
139	0.0	7.46477271406831e-48
140	0.0	2.7272042694855477e-47
141	0.0	9.872245862024235e-47
142	0.0	3.538941728711438e-46
143	0.0	1.2571710901788034e-45
144	0.0	4.423677160889298e-45
145	0.0	1.541717188745577e-44
146	0.0	5.328852025493709e-44
147	0.0	1.823489364340176e-43
148	0.0	6.185848227949821e-43
149	0.0	2.078982269672066e-42
150	0.0	6.924587714223743e-42
151	0.0	2.2848365533966175e-41
152	0.0	7.476452389740625e-41
153	0.0	2.4235327020053575e-40
154	0.0	7.790343673434091e-40
155	0.0	2.481931080366933e-39
156	0.0	7.834142457205271e-39
157	0.0	2.4512719317271063e-38
158	0.0	7.60784874105417e-38
159	0.0	2.340315012840114e-37
160	0.0	7.134821876325412e-37
161	0.0	2.156360121001153e-36
162	0.0	6.46470048462634e-36
163	0.0	1.9213066480958139e-35
164	0.0	5.661722782154686e-35
165	0.0	1.6541340670916088e-34
166	0.0	4.793046904026259e-34
167	0.0	1.3770337617659359e-33
168	0.0	3.9229110664387934e-33
169	0.0	1.1085472172485955e-32
170	0.0	3.1067937288357843e-32
171	0.0	8.632740281299808e-32
172	0.0	2.3797339182341766e-31
173	0.0	6.504119390020403e-31
174	0.0	1.7636310265195617e-30
175	0.0	4.74340828241892e-30
176	0.0	1.2652008672035198e-29
177	0.0	3.34768703957728e-29
178	0.0	8.78749598395798e-29
179	0.0	2.2877564723146963e-28
180	0.0	5.911375849650418e-28
181	0.0	1.5154379184828685e-27
182	0.0	3.851373052945864e-27
183	0.0	9.713110280988945e-27
184	0.0	2.4308324993005546e-26
185	0.0	6.034012444209725e-26
186	0.0	1.486238729302081e-25
187	0.0	3.6323791340899585e-25
188	0.0	8.81085533530261e-25
189	0.0	2.1198611345251684e-24
190	0.0	5.061679444489504e-24
191	0.0	1.1995026915467482e-23
192	0.0	2.820641674864067e-23
193	0.0	6.58003728189045e-23
194	0.0	1.5227377157780652e-22
195	0.0	3.5009827827764147e-22
196	0.0	7.981598362568248e-22
197	0.0	1.8059698508317033e-21
198	0.0	4.057227336670416e-21
199	0.0	9.042988889289871e-21
200	0.0	2.0001444588839398e-20
201	0.0	4.3930180122494715e-20
202	0.0	9.571494213462124e-20
203	0.0	2.07022251291783e-19
204	0.0	4.445576552774888e-19
205	0.0	9.472216970247447e-19
206	0.0	2.003064377802019e-18
207	0.0	4.206143201492431e-18
208	0.0	8.76705655153143e-18
209	0.0	1.8132696481269002e-17
210	0.0	3.7243565800094384e-17
211	0.0	7.593249146463775e-17
212	0.0	1.537337310368459e-16
213	0.0	3.086354296409233e-16
214	0.0	6.156649038769032e-16
215	0.0	1.218774156406068e-15
216	0.0	2.39579347228361e-15
217	0.0	4.6747901878440695e-15
218	0.0	9.054668564962186e-15
219	0.0	1.741731634633971e-14
220	0.0	3.3243276882326504e-14
221	0.0	6.30264498467297e-14
222	0.0	1.18621706046949e-13
223	0.0	2.216218458821767e-13
224	0.0	4.111245836654872e-13
225	0.0	7.574269673496263e-13
226	0.0	1.3850635387906526e-12
227	0.0	2.5155101479248382e-12
228	0.0	4.5346340797762895e-12
229	0.0	8.11591463279987e-12
230	0.0	1.4424399455308997e-11
231	0.0	2.5461692965646653e-11
232	0.0	4.460176147365282e-11
233	0.0	7.759684524794264e-11
234	0.0	1.3405347752899516e-10
235	0.0	2.2994361479870113e-10
236	0.0	3.9170712286026356e-10
237	0.0	6.623836065661633e-10
238	0.0	1.1123431118420976e-09
239	0.0	1.8541485129800028e-09
240	0.0	3.0702947423597996e-09
241	0.0	5.048539809358149e-09
242	0.0	8.242931105736297e-09
243	0.0	1.3361548969128335e-08
244	0.0	2.150520283164995e-08
245	0.0	3.4382045260377214e-08
246	0.0	5.455868498430134e-08
247	3.0043987401955204e-07	8.599161213741901e-08
248	1.5021993700977602e-07	1.3456446333965894e-07
249	3.0043987401955204e-07	2.090661945344381e-07
250	0.0	3.226510404477013e-07
251	9.013196220586561e-07	4.943422728307315e-07
252	7.510996850488801e-07	7.521711132970846e-07
253	1.2017594960782081e-06	1.1361404510244396e-06
254	2.25329905514664e-06	1.7037726886989474e-06
255	1.952859181127088e-06	2.5388694992694682e-06
256	3.0043987401955203e-06	3.755015728649265e-06
257	7.510996850488801e-06	5.514266876791709e-06
258	9.163416157596336e-06	8.039996740929823e-06
259	1.096605540171365e-05	1.1641716726379954e-05
260	1.547265351200693e-05	1.6731135400591204e-05
261	2.4035189921564162e-05	2.388493674988413e-05
262	2.9443107653916098e-05	3.3856459855123045e-05
263	4.927213933920653e-05	4.7653076743045105e-05
264	6.113951436297884e-05	6.657415133219537e-05
265	9.26857011350318e-05	9.23424357842403e-05
266	0.0001252834274661532	0.0001271770684769197
267	0.00017320358737227175	0.00017388117157158924
268	0.00023960079953059274	0.00023607544452666649
269	0.00033033364148449745	0.0003181251661246792
270	0.00040679558942247345	0.00042557818230997703
271	0.0005637754235976893	0.000565150306594141
272	0.000734425272040795	0.0007450173119477917
273	0.000954347259823107	0.0009748149308005888
274	0.0012600448316380012	0.0012660768428789436
275	0.0016268819178158742	0.0016322346752060183
276	0.002104581317506962	0.002087742026426302
277	0.0026588928850730356	0.0026512863776155
278	0.0033108474116954633	0.0033403872422820835
279	0.004197145040053142	0.004175484052852604
280	0.00521112961486913	0.0051799361606716925
281	0.006303228556930202	0.006374182998165899
282	0.007749846550334344	0.007780123957220815
283	0.00936921747129973	0.00941965842972203
284	0.011201900702818996	0.011308845969718977
285	0.013404124979382313	0.013463746131261091
286	0.015803137373428436	0.01588435891434837
287	0.018522118233305383	0.01858528391357121
288	0.02148145099239797	0.021549001615421136
289	0.024591003688500333	0.02474631283071736
290	0.028091128220828116	0.028148018370279096
291	0.03163631873425883	0.031681120261154376
292	0.0353467511784003	0.03530181971957202
293	0.03875674374852221	0.03892251917798967
294	0.042362022236756836	0.04241182228509376
295	0.04550161892026115	0.04566753187875156
296	0.04846095167935374	0.04854365201305913
297	0.050894514658912114	0.0509233859312933
298	0.052622043934524534	0.052660737687550155
299	0.0537186494746959	0.05360971133592575
300	0.05374869346209786	0.05366810971428732
301	0.05286239583374018	0.05274833525509252
302	0.050864470671510155	0.050806589174570156
303	0.04789011591871659	0.04785747106731062
304	0.044044485531266324	0.0439593793116755
305	0.03922242555325252	0.039243710258978326
306	0.03400979373901329	0.03392945782807501
307	0.0283014361326418	0.028250215532411853
308	0.022713254475878134	0.02251257485838712
309	0.01714009481281544	0.017037726886989474
310	0.012260951258737917	0.012095764118141198
311	0.008048784224983799	0.007946559335551303
312	0.004786007193131464	0.004727348728369487
313	0.0025131795461735525	0.002471711364153657
314	0.0010957042205493063	0.0010828519307695024
315	0.0003738974232173325	0.00036878575935334545
316	9.103328182792426e-05	8.526163240789935e-05
317	8.712756346567009e-06	9.831366997171134e-06
