w	WagnerBabai_exp	WagnerBabai_pred
0	0.0	2.3909072285467392e-204
1	0.0	2.9624562193124743e-201
2	0.0	1.8335378883152685e-198
3	0.0	7.559935219460516e-196
4	0.0	2.3341886264096817e-193
5	0.0	5.742758466377091e-191
6	0.0	1.1714572825999992e-188
7	0.0	2.0342344804925495e-186
8	0.0	3.0638952577499043e-184
9	0.0	4.0597430221947823e-182
10	0.0	4.782905199442268e-180
11	0.0	5.05668152898845e-178
12	0.0	4.8308978627890096e-176
13	0.0	4.19499507344469e-174
14	0.0	3.32894564850577e-172
15	0.0	2.424720241359216e-170
16	0.0	1.628478326742829e-168
17	0.0	1.0110090830930534e-166
18	0.0	5.827836369582677e-165
19	0.0	3.128249056328489e-163
20	0.0	1.5673967552106132e-161
21	0.0	7.357057142585655e-160
22	0.0	3.2416862606026047e-158
23	0.0	1.3448853160575407e-156
24	0.0	5.26174109056089e-155
25	0.0	1.9469750925893838e-153
26	0.0	6.824774876376344e-152
27	0.0	2.2709255701798863e-150
28	0.0	7.1890828208720606e-149
29	0.0	2.1683957893936668e-147
30	0.0	6.2412277197739245e-146
31	0.0	1.717919199343574e-144
32	0.0	4.52439926277914e-143
33	0.0	1.1430979815314703e-141
34	0.0	2.77048556592551e-140
35	0.0	6.45719470483426e-139
36	0.0	1.44850583919255e-137
37	0.0	3.1293397986772783e-136
38	0.0	6.521548503412844e-135
39	0.0	1.3121630455938537e-133
40	0.0	2.5512463538188065e-132
41	0.0	4.798175592325323e-131
42	0.0	8.735755471455672e-130
43	0.0	1.5412189388396637e-128
44	0.0	2.636324257024393e-127
45	0.0	4.376058303343759e-126
46	0.0	7.054921511970943e-125
47	0.0	1.1049219993238351e-123
48	0.0	1.6841061865310973e-122
49	0.0	2.495618494030538e-121
50	0.0	3.6016312357031633e-120
51	0.0	5.062135240732398e-119
52	0.0	6.93603059595288e-118
53	0.0	9.268037737664983e-117
54	0.0	1.2085425224588445e-115
55	0.0	1.5379467117932947e-114
56	0.0	1.9109805950793282e-113
57	0.0	2.320008975875417e-112
58	0.0	2.7530336883448765e-111
59	0.0	3.1958750819534425e-110
60	0.0	3.6278090520741126e-109
61	0.0	4.030292978777464e-108
62	0.0	4.3836934997852847e-107
63	0.0	4.669467995168152e-106
64	0.0	4.872346072043013e-105
65	0.0	4.98142030692197e-104
66	0.0	4.993418472758655e-103
67	0.0	4.908340569553068e-102
68	0.0	4.732731051397948e-101
69	0.0	4.477497341781188e-100
70	0.0	4.156819091237054e-99
71	0.0	3.7892389196949694e-98
72	0.0	3.391117962386776e-97
73	0.0	2.980998839241897e-96
74	0.0	2.574151943143387e-95
75	0.0	2.1847569246255104e-94
76	0.0	1.8226304648273729e-93
77	0.0	1.494317017841712e-92
78	0.0	1.2052702954124758e-91
79	0.0	9.562538171838167e-91
80	0.0	7.461768408069454e-90
81	0.0	5.728578815842827e-89
82	0.0	4.3291563823458064e-88
83	0.0	3.219871413626813e-87
84	0.0	2.358184958083052e-86
85	0.0	1.700467321762941e-85
86	0.0	1.207451780110055e-84
87	0.0	8.445618006677645e-84
88	0.0	5.82020117314115e-83
89	0.0	3.951759529664616e-82
90	0.0	2.6450501958147094e-81
91	0.0	1.744097015714524e-80
92	0.0	1.1343720427411536e-79
93	0.0	7.271979239380068e-79
94	0.0	4.597479000148041e-78
95	0.0	2.866470892618992e-77
96	0.0	1.7626396356439465e-76
97	0.0	1.0692547245184164e-75
98	0.0	6.400476102697202e-75
99	0.0	3.779422238555863e-74
100	0.0	2.203299544554933e-73
101	0.0	1.2674426092934814e-72
102	0.0	7.195627274964798e-72
103	0.0	4.0335652058238326e-71
104	0.0	2.2327495879722512e-70
105	0.0	1.22054068829553e-69
106	0.0	6.58481155964264e-69
107	0.0	3.510008878404839e-68
108	0.0	1.847717538849533e-67
109	0.0	9.611621577533699e-67
110	0.0	4.938881355319177e-66
111	0.0	2.5076166598672235e-65
112	0.0	1.2576259281543752e-64
113	0.0	6.234683265681187e-64
114	0.0	3.0551693189595877e-63
115	0.0	1.4790466249586579e-62
116	0.0	7.0821900706906825e-62
117	0.0	3.3518512378303514e-61
118	0.0	1.568487497559403e-60
119	0.0	7.253436619450646e-60
120	0.0	3.318038225017875e-59
121	0.0	1.5008614719344493e-58
122	0.0	6.714609899148597e-58
123	0.0	2.971182158102791e-57
124	0.0	1.3001648797571684e-56
125	0.0	5.6293212621029745e-56
126	0.0	2.4105405908249513e-55
127	0.0	1.0214802096414331e-54
128	0.0	4.2822544613478556e-54
129	0.0	1.7768192861782112e-53
130	0.0	7.291612601658281e-53
131	0.0	2.962456219312474e-52
132	0.0	1.1910906448782113e-51
133	0.0	4.738184763141896e-51
134	0.0	1.8662601587789554e-50
135	0.0	7.276342208775227e-50
136	0.0	2.807570805784355e-49
137	0.0	1.0727451000345428e-48
138	0.0	4.0575615374972035e-48
139	0.0	1.5194040918638724e-47
140	0.0	5.635865716195712e-47
141	0.0	2.069138235653816e-46
142	0.0	7.52394072195046e-46
143	0.0	2.7094039943932942e-45
144	0.0	9.661795725578018e-45
145	0.0	3.412932809362567e-44
146	0.0	1.1943628719245802e-43
147	0.0	4.1371857289588425e-43
148	0.0	1.4201465381240214e-42
149	0.0	4.828716378091431e-42
150	0.0	1.6262968420452502e-41
151	0.0	5.428624669925694e-41
152	0.0	1.794271163758844e-40
153	0.0	5.880192002324576e-40
154	0.0	1.908799110381749e-39
155	0.0	6.138697938987705e-39
156	0.0	1.95679177372849e-38
157	0.0	6.180146148241708e-38
158	0.0	1.9338861844039094e-37
159	0.0	6.001264403040219e-37
160	0.0	1.8444453118031643e-36
161	0.0	5.621686065661448e-36
162	0.0	1.6982858370653619e-35
163	0.0	5.08395008770819e-35
164	0.0	1.5084966683759766e-34
165	0.0	4.438230617224764e-34
166	0.0	1.2947111680132205e-33
167	0.0	3.7423369986970174e-33
168	0.0	1.0726360257996639e-32
169	0.0	3.0486248648668506e-32
170	0.0	8.588505254369081e-32
171	0.0	2.3996331673370563e-31
172	0.0	6.645893131174856e-31
173	0.0	1.8248119495249518e-30
174	0.0	4.971603625782864e-30
175	0.0	1.3427038313599617e-29
176	0.0	3.596177523959215e-29
177	0.0	9.550540006001483e-29
178	0.0	2.5152518563087503e-28
179	0.0	6.571722651457165e-28
180	0.0	1.7026488064605203e-27
181	0.0	4.3749675609949685e-27
182	0.0	1.1147386804629414e-26
183	0.0	2.819568971621041e-26
184	0.0	7.069101162505209e-26
185	0.0	1.758276666248788e-25
186	0.0	4.337882321136123e-25
187	0.0	1.0618376765466473e-24
188	0.0	2.5785149125385455e-24
189	0.0	6.2095961916590266e-24
190	0.0	1.4834095943538163e-23
191	0.0	3.517644074846366e-23
192	0.0	8.273280715568895e-23
193	0.0	1.9306139573575404e-22
194	0.0	4.469862145339661e-22
195	0.0	1.0267157729156231e-21
196	0.0	2.3396423381536296e-21
197	0.0	5.292281876326998e-21
198	0.0	1.1878184178318427e-20
199	0.0	2.6439594534659197e-20
200	0.0	5.842016020116941e-20
201	0.0	1.2805315174789562e-19
202	0.0	2.7868467011573537e-19
203	0.0	6.016534795923273e-19
204	0.0	1.2892574562692728e-18
205	0.0	2.7410355225081914e-18
206	0.0	5.783115933282305e-18
207	0.0	1.2107240071564235e-17
208	0.0	2.5174333410063298e-17
209	0.0	5.1919335802383575e-17
210	0.0	1.0629284188954369e-16
211	0.0	2.1596698506033503e-16
212	0.0	4.3553341987167563e-16
213	0.0	8.71830359387504e-16
214	0.0	1.7320988498778387e-15
215	0.0	3.4151142940601464e-15
216	0.0	6.6851598557312796e-15
217	0.0	1.2990741374083788e-14
218	0.0	2.5043444328208544e-14
219	0.0	4.7949033652789534e-14
220	0.0	9.110970839439284e-14
221	0.0	1.7190099416923635e-13
222	0.0	3.217689928929234e-13
223	0.0	5.980540298413217e-13
224	0.0	1.1038312569750457e-12
225	0.0	2.0211455723070747e-12
226	0.0	3.674710973072064e-12
227	0.0	6.6338949653381695e-12
228	0.0	1.1889091601806323e-11
229	0.0	2.114949414302978e-11
230	0.0	3.733611059906701e-11
231	0.0	6.546635577435004e-11
232	0.0	1.1398257544851015e-10
233	0.0	1.9687899395651754e-10
234	0.0	3.378029054201301e-10
235	0.0	5.752575147516197e-10
236	0.0	9.727240266505394e-10
237	0.0	1.6328412961379875e-09
238	0.0	2.721402160229979e-09
239	0.0	4.502584415803348e-09
240	0.0	7.39632386714208e-09
241	0.0	1.2063610377612654e-08
242	0.0	1.9535195466821214e-08
243	0.0	3.1402472221651744e-08
244	0.0	5.011961092688078e-08
245	0.0	7.942785783885655e-08
246	0.0	1.2499907317128483e-07
247	0.0	1.9524288043333317e-07
248	0.0	3.026810017891059e-07
249	0.0	4.660742056377836e-07
250	0.0	7.125819764642266e-07
251	0.0	1.0814710388248594e-06
252	1.231132888483983e-05	1.6295690690916189e-06
253	0.0	2.4378091495446907e-06
254	0.0	3.621264597981375e-06
255	0.0	5.339183797324949e-06
256	0.0	7.817350413774855e-06
257	0.0	1.1365535274387328e-05
258	1.231132888483983e-05	1.639385750230725e-05
259	1.231132888483983e-05	2.348368276943946e-05
260	4.924531553935932e-05	3.339853071993666e-05
261	6.155664442419915e-05	4.7163699161661043e-05
262	0.00016004727550291778	6.6098986336648e-05
263	0.00016004727550291778	9.197139484993662e-05
264	0.00011080195996355847	0.000127071483633985
265	0.00018466993327259743	0.00017419155310169446
266	0.0002831605643513161	0.0002371273866268527
267	0.0002954718932361559	0.00032035102783949695
268	0.0004432078398542339	0.000429534336953333
269	0.0004801418265087534	0.0005717671392354931
270	0.0006155664442419915	0.0007554481507716568
271	0.0011818875729446236	0.0009906122011706883
272	0.0013173121906778617	0.0012892574562692728
273	0.0017605200305320957	0.001664472824252885
274	0.0017974540171866152	0.0021334920342324006
275	0.0027823603279738015	0.002713766963788452
276	0.002954718932361559	0.003423840232850463
277	0.003878068598724546	0.004285526688394224
278	0.005158446802747889	0.005322822662093106
279	0.006685051584468028	0.0065575430009229
280	0.008457882943884963	0.008012593294208187
281	0.009221185334745032	0.00970978838892476
282	0.011203309285204245	0.011670943132048408
283	0.014133405559796124	0.013896057523579133
284	0.0157338783148253	0.016415672349283043
285	0.01945189963804693	0.019207972762184344
286	0.022111146677172334	0.02226205133879514
287	0.025915347302587842	0.02556700065562754
288	0.028328367764016447	0.02907919101872996
289	0.03232954965158939	0.03272227046368713
290	0.03533351389949031	0.03645260929654746
291	0.03875606332947578	0.040139318435456206
292	0.04388988747445399	0.04369513849251021
293	0.04830965454411149	0.046989180385854715
294	0.05045182577007362	0.049868740186659176
295	0.05343116736020486	0.05220292881306886
296	0.053960554502252976	0.05382813491276532
297	0.053209563440277746	0.05461346940389381
298	0.05397286583113781	0.05444985805157538
299	0.053738950582325855	0.05325004146790685
300	0.050328712481225224	0.05095948253544875
301	0.04759559746879078	0.04762181094815266
302	0.04473936916750794	0.043302471246945966
303	0.037955826951961195	0.038154167360659186
304	0.03252653091374683	0.03242777002951394
305	0.026444734444635954	0.026395964840707616
306	0.021249353655233547	0.02040778934585287
307	0.015524585723783025	0.014801373673074476
308	0.010415384236574496	0.009891942361172619
309	0.00572476793145052	0.005939092089159213
310	0.0031393888656341567	0.0030693489694938523
311	0.0014650481372959396	0.001268533351642271
312	0.0005540097998177923	0.0003639807217910798
313	0.0	5.2671948023048374e-05
